 1  2  3  4  5
 1  2  6  7  8
 1  2  9 10 11
 1  2 12 13 14
 1  2 15 16 17
 1  2 18 19 20
 1  2 21 22 23
 1  2 24 25 26
 1  2 27 28 29
 1  2 30 31 32
 1  2 33 34 35
 1  2 36 37 38
 1  2 39 40 41
 1  2 42 43 44
 1  2 45 46 47
 1  2 48 49 50
 1  2 51 52 53
 1  2 54 55 56
 1  2 57 58 59
 1  2 60 61 62
 1  2 63 64 65
 1  2 66 67 68
 1  3  6  9 12
 1  3  7 10 13
 1  3  8 11 14
 1  3 15 18 21
 1  3 16 19 22
 1  3 17 20 23
 1  3 24 27 30
 1  3 25 28 31
 1  3 26 29 32
 1  3 33 36 39
 1  3 34 37 40
 1  3 35 38 41
 1  3 42 45 48
 1  3 43 46 49
 1  3 44 47 50
 1  3 51 54 57
 1  3 52 55 58
 1  3 53 56 59
 1  3 60 63 66
 1  3 61 64 67
 1  3 62 65 68
 1  4  6 10 14
 1  4  7  9 15
 1  4  8 12 16
 1  4 11 13 17
 1  4 18 22 24
 1  4 19 21 25
 1  4 20 26 27
 1  4 23 28 30
 1  4 29 31 33
 1  4 32 34 36
 1  4 35 37 39
 1  4 38 40 42
 1  4 41 43 45
 1  4 44 46 48
 1  4 47 49 51
 1  4 50 52 54
 1  4 53 55 57
 1  4 56 58 60
 1  4 59 61 63
 1  4 62 64 66
 1  4 65 67 69
 1  5  6 11 15
 1  5  7 12 17
 1  5  8  9 13
 1  5 10 16 18
 1  5 14 19 23
 1  5 20 21 24
 1  5 22 25 27
 1  5 26 28 33
 1  5 29 30 34
 1  5 31 35 36
 1  5 32 37 41
 1  5 38 39 43
 1  5 40 44 45
 1  5 42 46 50
 1  5 47 48 52
 1  5 49 53 54
 1  5 51 55 59
 1  5 56 57 61
 1  5 58 62 63
 1  5 60 64 68
 1  5 65 66 70
 1  6 13 16 20
 1  6 17 18 25
 1  6 19 24 28
 1  6 21 26 30
 1  6 22 29 35
 1  6 23 27 31
 1  6 32 33 38
 1  6 34 39 42
 1  6 36 40 43
 1  6 37 44 49
 1  6 41 46 51
 1  6 45 50 53
 1  6 47 54 58
 1  6 48 55 60
 1  6 52 56 62
 1  6 57 63 67
 1  6 59 64 69
 1  6 61 68 70
 1  7 11 16 21
 1  7 14 18 26
 1  7 19 27 32
 1  7 20 22 28
 1  7 23 24 29
 1  7 25 30 33
 1  7 31 34 38
 1  7 35 40 46
 1  7 36 41 42
 1  7 37 43 47
 1  7 39 44 51
 1  7 45 49 52
 1  7 48 53 58
 1  7 50 55 61
 1  7 54 59 60
 1  7 56 63 68
 1  7 57 62 69
 1  8 10 15 19
 1  8 17 21 27
 1  8 18 23 32
 1  8 20 25 29
 1  8 22 26 31
 1  8 24 33 37
 1  8 28 34 41
 1  8 30 35 42
 1  8 36 44 52
 1  8 38 45 51
 1  8 39 46 53
 1  8 40 47 55
 1  8 43 48 54
 1  8 49 56 64
 1  8 50 57 60
 1  8 58 61 65
 1  8 59 62 67
 1  8 63 69 70
 1  9 14 16 24
 1  9 17 19 26
 1  9 18 27 33
 1  9 20 30 36
 1  9 21 28 32
 1  9 22 34 43
 1  9 23 25 35
 1  9 29 37 42
 1  9 31 39 45
 1  9 38 44 53
 1  9 40 48 51
 1  9 41 47 56
 1  9 46 52 57
 1  9 49 55 62
 1  9 50 58 64
 1  9 54 61 66
 1  9 60 67 70
 1 10 12 20 31
 1 10 17 22 30
 1 10 21 29 36
 1 10 23 26 34
 1 10 24 32 35
 1 10 25 37 45
 1 10 27 38 46
 1 10 28 39 47
 1 10 33 40 49
 1 10 41 44 54
 1 10 42 51 56
 1 10 43 50 59
 1 10 48 57 64
 1 10 52 60 65
 1 10 53 61 69
 1 11 12 18 28
 1 11 19 29 38
 1 11 20 32 39
 1 11 22 33 41
 1 11 23 36 45
 1 11 24 31 40
 1 11 25 34 44
 1 11 26 35 43
 1 11 27 37 48
 1 11 30 46 54
 1 11 42 47 53
 1 11 49 57 65
 1 11 50 51 62
 1 11 52 59 66
 1 11 55 64 70
 1 11 58 68 69
 1 12 15 22 32
 1 12 19 30 37
 1 12 21 33 42
 1 12 23 38 47
 1 12 24 34 45
 1 12 25 36 46
 1 12 26 39 48
 1 12 27 35 44
 1 12 29 40 50
 1 12 41 49 58
 1 12 43 51 60
 1 12 53 62 70
 1 12 55 66 69
 1 13 15 23 33
 1 13 18 29 39
 1 13 19 31 41
 1 13 21 34 46
 1 13 22 36 47
 1 13 24 38 48
 1 13 25 32 40
 1 13 26 37 50
 1 13 27 42 49
 1 13 28 35 45
 1 13 30 43 52
 1 13 44 55 63
 1 13 51 58 66
 1 14 15 20 34
 1 14 17 28 36
 1 14 21 31 37
 1 14 22 38 49
 1 14 25 39 50
 1 14 27 40 52
 1 14 29 41 48
 1 14 30 44 56
 1 14 32 42 54
 1 14 33 43 53
 1 14 35 47 57
 1 14 45 55 65
 1 14 46 58 67
 1 15 24 36 49
 1 15 25 38 52
 1 15 26 40 53
 1 15 27 39 54
 1 15 28 37 46
 1 15 29 43 55
 1 15 30 41 50
 1 15 31 42 57
 1 15 35 48 56
 1 15 44 58 70
 1 15 45 59 68
 1 15 47 60 69
 1 16 23 37 51
 1 16 25 41 53
 1 16 26 36 54
 1 16 27 34 47
 1 16 28 38 50
 1 16 29 44 57
 1 16 30 39 49
 1 16 31 43 56
 1 16 32 45 58
 1 16 33 46 55
 1 16 35 52 61
 1 16 40 59 65
 1 17 24 39 52
 1 17 29 45 54
 1 17 31 44 59
 1 17 32 43 57
 1 17 33 47 61
 1 17 34 48 62
 1 17 35 49 60
 1 17 37 53 63
 1 17 38 55 67
 1 17 40 56 66
 1 18 30 38 57
 1 18 31 46 60
 1 18 34 49 59
 1 18 35 50 63
 1 18 36 48 61
 1 18 37 52 64
 1 18 40 54 62
 1 18 41 55 68
 1 18 45 56 67
 1 19 33 44 60
 1 19 34 50 56
 1 19 35 51 64
 1 19 36 53 65
 1 19 39 57 66
 1 19 42 52 63
 1 19 46 59 70
 1 20 33 45 57
 1 20 35 53 66
 1 20 37 54 65
 1 20 38 56 69
 1 20 41 52 67
 1 21 35 54 67
 1 21 39 56 65
 1 21 40 57 68
 1 22 37 56 70
 1 23 41 57 70
 1 27 36 50 66
 2  3  6 10 15
 2  3  7  9 14
 2  3  8 12 17
 2  3 11 13 16
 2  3 18 22 25
 2  3 19 21 24
 2  3 20 26 28
 2  3 23 27 32
 2  3 29 30 33
 2  3 31 34 36
 2  3 35 37 42
 2  3 38 39 44
 2  3 40 43 45
 2  3 41 46 48
 2  3 47 49 52
 2  3 50 51 55
 2  3 53 54 58
 2  3 56 57 60
 2  3 59 61 65
 2  3 62 63 67
 2  3 64 66 69
 2  4  6  9 13
 2  4  7 10 12
 2  4  8 11 15
 2  4 14 16 18
 2  4 17 19 22
 2  4 20 21 29
 2  4 23 24 31
 2  4 25 27 30
 2  4 26 32 33
 2  4 28 34 37
 2  4 35 36 40
 2  4 38 41 47
 2  4 39 42 45
 2  4 43 46 50
 2  4 44 49 53
 2  4 48 51 54
 2  4 52 55 59
 2  4 56 61 64
 2  4 57 62 65
 2  4 58 63 66
 2  4 60 68 69
 2  5  6 12 16
 2  5  7 11 18
 2  5  8 10 14
 2  5  9 15 19
 2  5 13 17 20
 2  5 21 25 28
 2  5 22 24 29
 2  5 23 26 30
 2  5 27 31 33
 2  5 32 34 38
 2  5 35 39 46
 2  5 36 41 43
 2  5 37 40 47
 2  5 42 48 53
 2  5 44 50 52
 2  5 45 49 51
 2  5 54 57 63
 2  5 55 58 60
 2  5 56 59 62
 2  5 61 67 69
 2  6 11 14 17
 2  6 18 21 27
 2  6 19 23 25
 2  6 20 22 30
 2  6 24 32 36
 2  6 26 29 31
 2  6 28 33 39
 2  6 34 40 44
 2  6 35 38 43
 2  6 37 41 45
 2  6 42 46 49
 2  6 47 48 56
 2  6 50 54 59
 2  6 51 57 61
 2  6 52 58 64
 2  6 53 55 62
 2  6 60 63 70
 2  7 13 15 21
 2  7 16 19 26
 2  7 17 23 28
 2  7 20 24 27
 2  7 22 31 35
 2  7 25 29 32
 2  7 30 34 39
 2  7 33 36 44
 2  7 37 46 51
 2  7 38 40 48
 2  7 41 49 54
 2  7 42 47 50
 2  7 43 52 56
 2  7 45 53 57
 2  7 55 63 69
 2  7 58 61 68
 2  7 59 64 67
 2  7 60 65 66
 2  8  9 16 20
 2  8 13 18 24
 2  8 19 27 34
 2  8 21 26 35
 2  8 22 28 32
 2  8 23 29 36
 2  8 25 31 37
 2  8 30 38 46
 2  8 33 40 42
 2  8 39 43 47
 2  8 41 44 51
 2  8 45 48 52
 2  8 49 55 57
 2  8 50 53 56
 2  8 54 60 64
 2  8 58 62 69
 2  8 59 63 68
 2  8 61 66 70
 2  9 12 18 23
 2  9 17 21 30
 2  9 22 26 27
 2  9 24 28 35
 2  9 25 33 38
 2  9 29 34 41
 2  9 31 40 46
 2  9 32 37 39
 2  9 36 42 51
 2  9 43 48 55
 2  9 44 45 54
 2  9 47 53 59
 2  9 49 56 58
 2  9 50 57 66
 2  9 52 61 63
 2  9 62 64 68
 2  9 65 69 70
 2 10 13 19 28
 2 10 16 21 31
 2 10 17 18 26
 2 10 20 23 33
 2 10 22 34 42
 2 10 24 30 37
 2 10 25 35 41
 2 10 27 36 39
 2 10 29 38 45
 2 10 32 40 50
 2 10 43 49 60
 2 10 44 46 55
 2 10 47 51 58
 2 10 48 59 66
 2 10 52 54 62
 2 10 53 64 70
 2 10 56 65 67
 2 11 12 19 31
 2 11 20 25 36
 2 11 21 32 41
 2 11 22 37 43
 2 11 23 34 46
 2 11 24 33 45
 2 11 26 38 42
 2 11 27 35 47
 2 11 28 30 40
 2 11 29 39 48
 2 11 44 56 63
 2 11 49 59 69
 2 11 50 58 65
 2 11 51 60 67
 2 11 52 57 68
 2 12 15 20 35
 2 12 21 34 43
 2 12 22 33 46
 2 12 24 38 49
 2 12 25 39 51
 2 12 26 36 45
 2 12 27 37 50
 2 12 28 41 42
 2 12 29 44 47
 2 12 30 48 57
 2 12 32 52 60
 2 12 40 53 61
 2 12 54 65 68
 2 12 55 67 70
 2 13 22 38 50
 2 13 23 35 44
 2 13 25 34 45
 2 13 26 39 49
 2 13 27 40 51
 2 13 29 37 52
 2 13 30 36 53
 2 13 31 42 54
 2 13 32 43 58
 2 13 33 41 55
 2 13 46 56 66
 2 13 47 57 64
 2 13 48 62 70
 2 14 15 22 36
 2 14 19 29 35
 2 14 20 31 38
 2 14 21 33 47
 2 14 23 37 48
 2 14 24 34 50
 2 14 25 40 49
 2 14 26 41 52
 2 14 27 42 55
 2 14 28 43 51
 2 14 30 45 58
 2 14 32 44 57
 2 14 39 53 60
 2 14 46 54 61
 2 14 56 68 70
 2 15 18 28 31
 2 15 23 38 51
 2 15 24 39 55
 2 15 25 42 56
 2 15 26 34 47
 2 15 27 41 53
 2 15 29 40 54
 2 15 30 43 59
 2 15 32 45 61
 2 15 33 37 49
 2 15 44 48 60
 2 15 46 52 65
 2 16 22 39 52
 2 16 23 40 55
 2 16 24 41 56
 2 16 25 43 54
 2 16 27 38 57
 2 16 28 36 46
 2 16 29 42 58
 2 16 30 35 50
 2 16 32 47 62
 2 16 33 48 61
 2 16 34 49 63
 2 16 37 44 59
 2 17 24 40 57
 2 17 25 44 58
 2 17 27 43 61
 2 17 29 46 53
 2 17 31 39 50
 2 17 32 35 48
 2 17 33 51 56
 2 17 34 52 66
 2 17 36 47 54
 2 17 37 55 64
 2 17 38 59 60
 2 18 29 43 57
 2 18 30 41 60
 2 18 32 42 59
 2 18 33 50 62
 2 18 34 48 58
 2 18 35 45 55
 2 18 36 49 64
 2 18 37 53 65
 2 18 38 52 67
 2 18 39 54 66
 2 18 40 56 69
 2 19 30 42 61
 2 19 32 46 63
 2 19 33 43 64
 2 19 36 48 67
 2 19 37 54 69
 2 19 38 53 66
 2 19 39 58 70
 2 19 41 50 68
 2 19 47 55 65
 2 20 32 49 65
 2 20 34 51 59
 2 20 37 57 67
 2 20 40 52 70
 2 20 41 62 66
 2 20 43 53 63
 2 20 45 50 60
 2 21 36 50 61
 2 21 38 54 70
 2 21 39 57 69
 2 21 40 58 67
 2 22 41 59 70
 2 23 42 52 69
 2 25 46 57 70
 2 28 38 55 61
 3  4  6  7 11
 3  4  8  9 10
 3  4 12 13 15
 3  4 14 17 21
 3  4 16 20 24
 3  4 18 19 23
 3  4 22 26 30
 3  4 25 29 34
 3  4 27 28 33
 3  4 31 32 35
 3  4 36 37 41
 3  4 38 43 48
 3  4 39 40 46
 3  4 42 44 51
 3  4 45 47 53
 3  4 49 50 56
 3  4 52 57 61
 3  4 54 55 60
 3  4 58 59 62
 3  4 63 64 68
 3  4 66 67 70
 3  5  6  8 18
 3  5  7 15 16
 3  5  9 11 17
 3  5 10 12 19
 3  5 13 14 22
 3  5 20 25 30
 3  5 21 23 29
 3  5 24 26 31
 3  5 27 34 35
 3  5 28 32 36
 3  5 33 37 38
 3  5 39 41 42
 3  5 40 48 49
 3  5 43 44 53
 3  5 45 46 52
 3  5 47 51 56
 3  5 50 54 61
 3  5 55 57 62
 3  5 58 64 65
 3  5 59 60 67
 3  5 68 69 70
 3  6 13 17 19
 3  6 14 16 23
 3  6 20 21 31
 3  6 22 24 33
 3  6 25 26 27
 3  6 28 29 37
 3  6 30 32 34
 3  6 35 36 44
 3  6 38 40 47
 3  6 39 43 50
 3  6 41 49 53
 3  6 42 52 54
 3  6 45 51 58
 3  6 46 55 56
 3  6 48 57 59
 3  6 60 61 69
 3  6 62 64 70
 3  7  8 19 20
 3  7 12 18 24
 3  7 17 22 27
 3  7 21 25 35
 3  7 23 26 33
 3  7 28 30 38
 3  7 29 31 39
 3  7 32 37 44
 3  7 34 41 43
 3  7 36 40 50
 3  7 42 46 53
 3  7 45 54 56
 3  7 47 48 55
 3  7 49 51 59
 3  7 52 60 62
 3  7 57 58 63
 3  8 13 21 28
 3  8 15 22 23
 3  8 16 25 32
 3  8 24 29 35
 3  8 26 34 38
 3  8 27 31 40
 3  8 30 36 43
 3  8 33 41 45
 3  8 37 39 48
 3  8 42 47 57
 3  8 44 46 54
 3  8 49 58 60
 3  8 50 52 59
 3  8 51 53 61
 3  8 55 63 65
 3  8 56 62 66
 3  9 13 18 20
 3  9 15 24 25
 3  9 16 21 26
 3  9 19 27 29
 3  9 22 28 39
 3  9 23 30 31
 3  9 32 33 40
 3  9 34 42 49
 3  9 35 43 47
 3  9 36 38 45
 3  9 37 46 50
 3  9 41 44 52
 3  9 48 53 60
 3  9 51 62 69
 3  9 54 59 63
 3  9 55 61 68
 3  9 57 65 67
 3 10 11 18 27
 3 10 14 20 29
 3 10 16 17 28
 3 10 21 22 32
 3 10 23 24 36
 3 10 25 33 42
 3 10 26 35 39
 3 10 30 40 41
 3 10 31 37 43
 3 10 34 44 45
 3 10 38 49 54
 3 10 46 47 59
 3 10 48 50 58
 3 10 51 52 63
 3 10 53 55 66
 3 10 56 61 70
 3 11 12 20 22
 3 11 15 19 26
 3 11 21 30 37
 3 11 23 25 38
 3 11 24 28 34
 3 11 29 36 42
 3 11 31 33 44
 3 11 32 43 51
 3 11 35 40 52
 3 11 39 45 49
 3 11 41 47 54
 3 11 46 57 64
 3 11 48 56 65
 3 11 50 53 63
 3 11 55 67 69
 3 11 58 61 66
 3 12 14 25 37
 3 12 16 27 36
 3 12 21 38 46
 3 12 23 28 35
 3 12 26 40 42
 3 12 29 41 51
 3 12 30 39 47
 3 12 31 45 50
 3 12 32 48 54
 3 12 33 34 52
 3 12 43 55 59
 3 12 44 49 57
 3 12 53 65 69
 3 12 56 58 67
 3 13 23 34 39
 3 13 24 32 41
 3 13 25 36 48
 3 13 26 43 54
 3 13 27 37 45
 3 13 29 38 53
 3 13 30 35 46
 3 13 31 47 58
 3 13 33 49 61
 3 13 40 44 56
 3 13 42 50 60
 3 13 51 65 70
 3 13 52 66 68
 3 14 15 27 38
 3 14 18 28 40
 3 14 19 30 48
 3 14 24 39 51
 3 14 26 36 46
 3 14 31 41 55
 3 14 32 45 59
 3 14 33 35 50
 3 14 34 47 60
 3 14 42 43 56
 3 14 44 58 68
 3 14 49 63 69
 3 14 52 53 64
 3 14 54 65 66
 3 15 17 29 44
 3 15 20 32 42
 3 15 28 41 56
 3 15 30 45 55
 3 15 31 46 51
 3 15 33 43 57
 3 15 34 48 61
 3 15 35 49 62
 3 15 36 47 63
 3 15 37 52 67
 3 15 39 53 68
 3 15 40 58 69
 3 16 18 29 45
 3 16 30 42 59
 3 16 31 38 52
 3 16 33 47 64
 3 16 34 46 58
 3 16 35 48 51
 3 16 37 49 55
 3 16 39 54 62
 3 16 40 53 57
 3 16 41 50 65
 3 16 43 60 68
 3 16 44 61 63
 3 17 18 30 49
 3 17 24 37 47
 3 17 25 39 55
 3 17 26 41 57
 3 17 31 42 61
 3 17 32 38 50
 3 17 33 46 60
 3 17 34 51 64
 3 17 35 45 63
 3 17 36 52 56
 3 17 40 54 67
 3 17 43 58 70
 3 18 26 37 51
 3 18 31 48 62
 3 18 32 39 52
 3 18 33 53 67
 3 18 34 50 57
 3 18 35 54 64
 3 18 36 55 70
 3 18 38 42 58
 3 18 41 59 66
 3 18 44 60 65
 3 19 25 40 51
 3 19 28 42 55
 3 19 31 49 64
 3 19 32 47 61
 3 19 33 54 68
 3 19 34 53 62
 3 19 35 56 69
 3 19 37 57 70
 3 19 43 52 65
 3 20 27 39 56
 3 20 33 48 63
 3 20 34 54 69
 3 20 35 57 68
 3 20 36 49 66
 3 20 37 59 64
 3 20 38 51 60
 3 20 40 61 62
 3 21 27 41 58
 3 21 33 51 66
 3 21 34 56 63
 3 21 36 59 68
 3 21 39 60 64
 3 21 44 48 67
 3 22 29 40 55
 3 22 31 53 70
 3 22 34 67 68
 3 22 36 57 69
 3 22 38 56 64
 3 23 37 56 68
 3 23 40 59 70
 3 23 44 55 64
 3 23 45 57 66
 3 24 38 59 69
 3 24 42 63 70
 3 25 41 60 70
 3 26 48 52 69
 4  5  6 17 23
 4  5  7  8 21
 4  5  9 12 14
 4  5 10 11 20
 4  5 13 16 19
 4  5 15 18 25
 4  5 22 28 31
 4  5 24 27 32
 4  5 26 29 35
 4  5 30 33 36
 4  5 34 39 44
 4  5 37 42 43
 4  5 38 45 50
 4  5 40 41 51
 4  5 46 47 54
 4  5 48 55 56
 4  5 49 52 58
 4  5 53 59 64
 4  5 57 60 66
 4  5 61 62 68
 4  6  8 19 26
 4  6 12 18 20
 4  6 15 16 21
 4  6 22 25 32
 4  6 24 29 30
 4  6 27 34 38
 4  6 28 35 41
 4  6 31 36 39
 4  6 33 37 40
 4  6 42 47 55
 4  6 43 44 52
 4  6 45 46 57
 4  6 48 49 61
 4  6 50 51 60
 4  6 53 54 56
 4  6 58 65 68
 4  6 62 63 69
 4  7 13 14 20
 4  7 16 17 25
 4  7 18 27 29
 4  7 19 24 33
 4  7 22 23 34
 4  7 26 28 36
 4  7 30 31 37
 4  7 32 38 39
 4  7 35 42 48
 4  7 40 43 49
 4  7 41 44 50
 4  7 45 51 55
 4  7 46 52 63
 4  7 47 56 57
 4  7 53 60 61
 4  7 54 58 64
 4  7 59 65 70
 4  8 13 22 27
 4  8 14 23 25
 4  8 17 18 28
 4  8 20 30 32
 4  8 24 34 40
 4  8 29 37 38
 4  8 31 41 42
 4  8 33 35 43
 4  8 36 45 49
 4  8 39 50 55
 4  8 44 47 58
 4  8 46 51 56
 4  8 48 53 62
 4  8 52 60 67
 4  8 54 57 59
 4  9 11 16 22
 4  9 17 20 31
 4  9 18 21 34
 4  9 19 28 38
 4  9 23 26 37
 4  9 24 36 43
 4  9 25 39 41
 4  9 27 35 45
 4  9 29 32 44
 4  9 30 40 47
 4  9 33 42 46
 4  9 48 50 59
 4  9 49 54 65
 4  9 51 52 64
 4  9 53 58 67
 4  9 55 63 70
 4  9 56 66 68
 4 10 13 18 30
 4 10 15 17 24
 4 10 16 23 27
 4 10 19 29 39
 4 10 21 26 38
 4 10 22 33 44
 4 10 25 28 40
 4 10 31 34 46
 4 10 32 37 47
 4 10 35 49 55
 4 10 36 42 50
 4 10 41 48 52
 4 10 43 51 53
 4 10 45 54 61
 4 10 56 59 69
 4 10 57 58 70
 4 11 12 21 23
 4 11 14 19 27
 4 11 18 26 31
 4 11 24 25 35
 4 11 28 29 43
 4 11 30 34 41
 4 11 32 40 45
 4 11 33 38 49
 4 11 36 44 54
 4 11 37 46 53
 4 11 39 47 52
 4 11 42 56 62
 4 11 48 57 63
 4 11 50 61 67
 4 11 51 59 68
 4 11 55 65 66
 4 12 17 26 34
 4 12 19 32 41
 4 12 22 29 36
 4 12 24 28 39
 4 12 25 31 38
 4 12 27 40 48
 4 12 30 35 51
 4 12 33 45 56
 4 12 37 44 55
 4 12 42 49 59
 4 12 43 47 61
 4 12 46 58 69
 4 12 50 53 66
 4 12 52 68 70
 4 12 54 62 67
 4 12 60 63 65
 4 13 21 24 37
 4 13 23 29 40
 4 13 25 26 42
 4 13 28 32 46
 4 13 31 43 55
 4 13 33 34 47
 4 13 35 38 52
 4 13 36 51 57
 4 13 39 48 58
 4 13 41 49 60
 4 13 44 45 59
 4 13 50 64 65
 4 13 53 69 70
 4 13 56 63 67
 4 14 15 26 39
 4 14 22 35 46
 4 14 24 38 44
 4 14 28 42 52
 4 14 29 45 60
 4 14 30 43 54
 4 14 31 40 50
 4 14 32 48 64
 4 14 33 41 57
 4 14 34 49 62
 4 14 36 47 59
 4 14 37 51 58
 4 14 55 61 69
 4 15 19 20 36
 4 15 22 37 45
 4 15 23 32 43
 4 15 27 31 44
 4 15 28 47 48
 4 15 29 41 46
 4 15 30 38 53
 4 15 33 50 58
 4 15 34 35 54
 4 15 40 52 56
 4 15 42 60 64
 4 15 49 57 67
 4 15 51 61 65
 4 16 26 40 44
 4 16 28 45 62
 4 16 29 47 50
 4 16 30 46 60
 4 16 31 48 65
 4 16 32 42 53
 4 16 33 39 51
 4 16 34 43 57
 4 16 35 56 70
 4 16 36 38 55
 4 16 37 52 66
 4 16 41 54 63
 4 16 49 64 69
 4 17 27 36 46
 4 17 29 42 57
 4 17 30 39 56
 4 17 32 49 63
 4 17 33 48 66
 4 17 35 44 61
 4 17 37 50 62
 4 17 38 51 69
 4 17 40 53 65
 4 17 41 55 58
 4 17 43 59 67
 4 17 45 64 70
 4 18 32 50 68
 4 18 33 52 65
 4 18 35 47 60
 4 18 36 53 63
 4 18 37 48 67
 4 18 38 46 59
 4 18 39 43 62
 4 18 40 55 64
 4 18 41 61 70
 4 18 42 54 69
 4 19 30 44 57
 4 19 31 45 52
 4 19 34 42 58
 4 19 35 53 68
 4 19 37 56 65
 4 19 40 54 66
 4 19 43 60 70
 4 19 46 55 62
 4 19 47 64 67
 4 20 22 38 54
 4 20 23 35 50
 4 20 25 33 53
 4 20 28 44 56
 4 20 34 45 48
 4 20 37 49 68
 4 20 39 57 64
 4 20 40 59 60
 4 20 42 61 66
 4 20 47 62 70
 4 21 22 39 49
 4 21 27 42 63
 4 21 28 50 57
 4 21 30 45 65
 4 21 31 47 66
 4 21 32 51 62
 4 21 33 55 67
 4 21 36 48 60
 4 22 40 58 61
 4 22 41 66 69
 4 23 33 54 70
 4 23 36 52 62
 4 23 38 57 68
 4 23 39 59 66
 4 24 26 41 53
 4 24 42 67 68
 4 24 46 49 66
 4 25 37 57 69
 4 25 44 60 62
 5  6  7  9 10
 5  6 13 21 32
 5  6 14 20 26
 5  6 19 22 34
 5  6 24 25 37
 5  6 27 28 30
 5  6 29 33 41
 5  6 31 38 42
 5  6 35 40 50
 5  6 36 45 47
 5  6 39 48 51
 5  6 43 46 58
 5  6 44 54 55
 5  6 49 56 60
 5  6 52 53 57
 5  6 59 61 66
 5  6 62 65 67
 5  7 13 23 25
 5  7 14 24 28
 5  7 19 29 36
 5  7 20 31 32
 5  7 22 26 37
 5  7 27 38 41
 5  7 30 35 43
 5  7 33 34 40
 5  7 39 45 58
 5  7 42 44 49
 5  7 46 48 57
 5  7 47 53 62
 5  7 50 51 63
 5  7 52 54 65
 5  7 55 64 66
 5  7 56 67 70
 5  8 11 12 24
 5  8 15 17 26
 5  8 16 22 30
 5  8 19 25 33
 5  8 20 23 27
 5  8 28 29 39
 5  8 31 34 43
 5  8 32 35 44
 5  8 36 37 46
 5  8 38 40 52
 5  8 41 47 49
 5  8 42 45 54
 5  8 48 50 64
 5  8 51 57 58
 5  8 53 55 67
 5  8 56 65 68
 5  8 60 61 63
 5  9 16 23 28
 5  9 18 22 32
 5  9 20 29 38
 5  9 21 27 36
 5  9 24 30 39
 5  9 25 26 34
 5  9 31 37 44
 5  9 33 35 48
 5  9 40 42 55
 5  9 41 45 53
 5  9 43 49 50
 5  9 46 51 60
 5  9 47 57 68
 5  9 52 56 69
 5  9 54 58 70
 5  9 63 64 67
 5 10 13 15 27
 5 10 17 21 33
 5 10 22 23 35
 5 10 24 34 41
 5 10 25 29 31
 5 10 26 32 42
 5 10 28 37 48
 5 10 30 38 44
 5 10 36 40 53
 5 10 39 49 57
 5 10 43 45 55
 5 10 46 56 63
 5 10 47 50 60
 5 10 51 54 64
 5 10 52 59 68
 5 10 58 66 67
 5 11 13 26 36
 5 11 14 16 25
 5 11 19 21 35
 5 11 22 38 46
 5 11 23 31 39
 5 11 27 29 40
 5 11 28 41 44
 5 11 30 32 47
 5 11 33 42 51
 5 11 34 37 45
 5 11 43 48 59
 5 11 49 55 61
 5 11 50 56 66
 5 11 52 60 70
 5 11 54 62 69
 5 12 13 18 31
 5 12 15 21 30
 5 12 20 28 34
 5 12 22 39 40
 5 12 23 32 33
 5 12 25 35 42
 5 12 26 27 43
 5 12 29 37 49
 5 12 36 38 48
 5 12 41 46 55
 5 12 44 51 61
 5 12 45 57 59
 5 12 47 63 66
 5 12 50 58 68
 5 12 52 62 64
 5 13 24 33 43
 5 13 28 38 47
 5 13 29 42 56
 5 13 30 37 51
 5 13 34 48 54
 5 13 35 41 57
 5 13 39 50 53
 5 13 40 46 59
 5 13 44 58 69
 5 13 45 60 62
 5 13 49 63 65
 5 13 61 64 70
 5 14 15 29 32
 5 14 17 18 27
 5 14 21 34 42
 5 14 30 31 46
 5 14 33 39 52
 5 14 35 37 53
 5 14 36 44 60
 5 14 38 51 62
 5 14 40 43 57
 5 14 41 50 59
 5 14 45 48 61
 5 14 47 55 70
 5 14 49 66 68
 5 15 20 22 33
 5 15 23 24 40
 5 15 28 35 51
 5 15 31 41 48
 5 15 34 36 50
 5 15 37 39 56
 5 15 38 49 59
 5 15 42 47 58
 5 15 43 52 61
 5 15 44 46 62
 5 15 45 63 69
 5 15 53 60 65
 5 15 54 67 68
 5 16 17 24 35
 5 16 20 36 39
 5 16 21 37 50
 5 16 26 38 53
 5 16 27 42 52
 5 16 29 43 51
 5 16 31 40 54
 5 16 32 46 49
 5 16 33 44 56
 5 16 34 55 65
 5 16 41 58 61
 5 16 47 59 69
 5 16 48 62 66
 5 17 19 28 40
 5 17 22 36 42
 5 17 25 32 45
 5 17 29 47 64
 5 17 30 41 52
 5 17 31 49 62
 5 17 34 46 61
 5 17 37 54 59
 5 17 38 56 58
 5 17 39 60 69
 5 17 43 63 68
 5 17 44 48 65
 5 17 50 57 67
 5 17 51 53 66
 5 18 19 24 38
 5 18 20 35 49
 5 18 21 26 39
 5 18 23 34 47
 5 18 28 42 57
 5 18 29 44 59
 5 18 30 40 58
 5 18 33 45 64
 5 18 36 51 52
 5 18 37 55 63
 5 18 41 54 56
 5 18 43 65 69
 5 18 46 53 68
 5 19 20 37 52
 5 19 26 41 60
 5 19 27 39 47
 5 19 30 45 56
 5 19 31 50 55
 5 19 32 43 54
 5 19 42 59 65
 5 19 44 63 70
 5 19 46 64 69
 5 20 40 56 64
 5 20 43 47 67
 5 21 22 41 62
 5 21 31 45 67
 5 21 38 55 68
 5 21 40 61 65
 5 21 44 57 64
 5 23 36 49 67
 5 23 37 57 65
 5 23 38 54 60
 5 23 42 62 70
 5 24 36 54 66
 5 25 36 55 69
 5 25 39 59 63
 5 26 40 66 69
 6  7 12 13 22
 6  7 14 15 19
 6  7 16 18 28
 6  7 17 20 29
 6  7 21 23 36
 6  7 24 26 34
 6  7 25 31 40
 6  7 27 33 35
 6  7 30 41 47
 6  7 32 42 43
 6  7 37 38 50
 6  7 39 46 54
 6  7 44 45 48
 6  7 49 55 58
 6  7 51 52 66
 6  7 53 59 63
 6  7 56 61 65
 6  7 57 60 64
 6  7 67 68 69
 6  8  9 11 21
 6  8 10 12 23
 6  8 13 14 29
 6  8 15 20 24
 6  8 16 17 31
 6  8 22 36 38
 6  8 25 28 42
 6  8 27 32 37
 6  8 30 33 44
 6  8 34 35 45
 6  8 39 40 49
 6  8 41 43 55
 6  8 46 47 50
 6  8 48 58 63
 6  8 51 54 62
 6  8 52 65 69
 6  8 53 60 66
 6  8 56 57 70
 6  9 14 18 30
 6  9 15 17 22
 6  9 16 19 32
 6  9 20 23 34
 6  9 24 27 40
 6  9 25 29 36
 6  9 26 28 43
 6  9 31 33 47
 6  9 35 37 51
 6  9 38 39 52
 6  9 41 42 48
 6  9 44 46 59
 6  9 45 49 63
 6  9 50 55 65
 6  9 53 61 64
 6  9 54 57 69
 6  9 58 60 62
 6 10 11 13 24
 6 10 16 22 26
 6 10 17 27 41
 6 10 18 19 31
 6 10 20 25 38
 6 10 21 28 34
 6 10 29 32 46
 6 10 30 35 48
 6 10 33 36 51
 6 10 37 39 53
 6 10 40 42 45
 6 10 43 47 57
 6 10 44 50 56
 6 10 49 52 67
 6 10 54 60 68
 6 10 55 59 70
 6 10 63 64 66
 6 11 12 25 30
 6 11 16 27 39
 6 11 18 22 23
 6 11 19 20 33
 6 11 26 32 44
 6 11 28 31 45
 6 11 29 34 47
 6 11 35 42 57
 6 11 36 37 52
 6 11 38 41 56
 6 11 40 46 48
 6 11 43 49 54
 6 11 50 64 68
 6 11 51 53 65
 6 11 58 59 67
 6 11 66 69 70
 6 12 14 21 24
 6 12 15 26 33
 6 12 17 28 32
 6 12 19 27 42
 6 12 29 38 54
 6 12 31 34 37
 6 12 35 39 55
 6 12 36 41 50
 6 12 40 51 56
 6 12 43 45 62
 6 12 44 53 58
 6 12 46 52 61
 6 12 47 49 64
 6 12 48 65 66
 6 13 15 18 34
 6 13 23 26 38
 6 13 25 33 46
 6 13 27 36 54
 6 13 28 40 52
 6 13 30 31 49
 6 13 35 47 53
 6 13 37 42 58
 6 13 39 41 44
 6 13 43 48 64
 6 13 45 55 61
 6 13 50 57 62
 6 13 51 63 68
 6 13 59 60 65
 6 14 22 27 43
 6 14 25 34 41
 6 14 28 38 46
 6 14 31 32 51
 6 14 33 42 59
 6 14 35 49 65
 6 14 36 48 53
 6 14 37 47 61
 6 14 39 45 56
 6 14 40 54 63
 6 14 44 62 66
 6 14 50 52 70
 6 14 55 57 68
 6 15 23 28 44
 6 15 25 35 58
 6 15 27 29 45
 6 15 30 36 42
 6 15 31 43 53
 6 15 32 39 47
 6 15 37 48 54
 6 15 38 55 63
 6 15 40 41 57
 6 15 46 60 67
 6 15 49 50 66
 6 16 24 38 45
 6 16 25 44 47
 6 16 29 40 60
 6 16 30 37 43
 6 16 33 34 50
 6 16 35 46 62
 6 16 36 49 57
 6 16 41 52 59
 6 16 42 51 64
 6 16 48 67 70
 6 16 56 58 66
 6 17 21 35 52
 6 17 24 42 44
 6 17 26 36 55
 6 17 30 38 61
 6 17 33 43 65
 6 17 34 49 68
 6 17 37 46 66
 6 17 39 57 58
 6 17 40 59 62
 6 17 47 51 67
 6 17 48 50 69
 6 18 24 35 56
 6 18 26 40 61
 6 18 29 42 50
 6 18 32 41 58
 6 18 33 48 68
 6 18 36 46 65
 6 18 38 44 51
 6 18 39 64 67
 6 18 45 52 60
 6 19 21 29 43
 6 19 30 39 59
 6 19 35 54 61
 6 19 36 56 63
 6 19 37 55 67
 6 19 38 48 62
 6 19 40 53 69
 6 19 41 64 65
 6 19 45 66 68
 6 19 49 51 70
 6 20 27 44 57
 6 20 28 36 58
 6 20 32 35 59
 6 20 39 61 63
 6 20 40 55 66
 6 20 41 54 70
 6 20 42 53 67
 6 20 43 51 69
 6 20 47 52 68
 6 21 22 37 57
 6 21 25 39 62
 6 21 33 45 54
 6 21 38 49 69
 6 21 41 61 67
 6 21 42 56 68
 6 21 44 63 65
 6 21 46 53 70
 6 22 28 47 59
 6 22 31 41 60
 6 22 39 65 70
 6 22 42 61 62
 6 22 54 66 67
 6 23 24 39 60
 6 23 29 48 52
 6 23 30 40 64
 6 23 32 45 65
 6 23 33 49 62
 6 23 43 56 59
 6 23 50 58 61
 6 24 31 46 63
 6 24 41 62 68
 6 26 37 56 64
 7  8  9 12 25
 7  8 10 11 17
 7  8 13 16 33
 7  8 14 22 39
 7  8 15 18 30
 7  8 23 31 44
 7  8 24 32 45
 7  8 26 27 42
 7  8 28 35 37
 7  8 29 34 46
 7  8 36 47 51
 7  8 38 43 53
 7  8 40 41 56
 7  8 48 49 65
 7  8 50 54 66
 7  8 52 55 68
 7  8 57 61 67
 7  8 62 63 64
 7  9 11 13 19
 7  9 16 27 30
 7  9 17 18 35
 7  9 20 21 33
 7  9 22 24 38
 7  9 23 32 41
 7  9 26 29 40
 7  9 28 31 42
 7  9 34 36 37
 7  9 39 43 57
 7  9 44 47 60
 7  9 45 46 61
 7  9 48 52 67
 7  9 49 53 66
 7  9 50 56 62
 7  9 51 54 68
 7  9 58 59 69
 7 10 14 16 32
 7 10 15 20 26
 7 10 18 21 37
 7 10 19 22 25
 7 10 23 30 42
 7 10 24 31 47
 7 10 27 28 43
 7 10 29 33 48
 7 10 34 35 50
 7 10 36 38 52
 7 10 39 40 55
 7 10 41 45 59
 7 10 44 53 65
 7 10 46 49 62
 7 10 51 60 69
 7 10 54 63 67
 7 10 57 66 68
 7 11 12 14 29
 7 11 15 22 40
 7 11 20 23 37
 7 11 24 30 36
 7 11 25 26 39
 7 11 27 31 46
 7 11 28 32 33
 7 11 34 42 52
 7 11 35 38 44
 7 11 41 48 51
 7 11 43 45 50
 7 11 47 49 63
 7 11 53 54 55
 7 11 56 64 69
 7 11 58 62 70
 7 12 15 23 27
 7 12 16 20 38
 7 12 19 21 28
 7 12 26 30 32
 7 12 31 33 41
 7 12 34 44 54
 7 12 35 36 49
 7 12 37 39 42
 7 12 40 45 47
 7 12 43 46 64
 7 12 48 50 60
 7 12 51 53 67
 7 12 55 57 65
 7 12 56 59 66
 7 12 61 63 70
 7 13 17 24 46
 7 13 18 32 36
 7 13 26 31 45
 7 13 27 34 53
 7 13 28 29 41
 7 13 30 40 54
 7 13 35 39 56
 7 13 37 48 59
 7 13 38 42 51
 7 13 43 44 61
 7 13 47 52 69
 7 13 49 50 67
 7 13 55 60 70
 7 14 17 30 50
 7 14 21 27 44
 7 14 23 35 45
 7 14 25 36 43
 7 14 31 48 54
 7 14 33 37 55
 7 14 34 51 56
 7 14 38 47 58
 7 14 40 42 60
 7 14 41 46 65
 7 14 49 57 70
 7 14 52 59 61
 7 15 17 31 36
 7 15 24 35 41
 7 15 25 28 34
 7 15 29 37 53
 7 15 32 46 50
 7 15 33 38 45
 7 15 39 48 62
 7 15 42 54 61
 7 15 43 51 58
 7 15 44 52 57
 7 15 47 64 65
 7 15 49 60 68
 7 16 22 29 49
 7 16 23 39 47
 7 16 24 37 40
 7 16 31 50 53
 7 16 34 45 60
 7 16 35 54 57
 7 16 36 48 56
 7 16 41 55 62
 7 16 42 63 65
 7 16 43 66 67
 7 16 44 46 68
 7 16 52 64 70
 7 17 19 34 47
 7 17 21 26 43
 7 17 32 40 51
 7 17 33 39 49
 7 17 37 41 60
 7 17 38 54 62
 7 17 42 45 66
 7 17 44 55 56
 7 17 48 61 64
 7 17 53 68 70
 7 17 58 65 67
 7 18 19 39 41
 7 18 20 25 42
 7 18 22 33 43
 7 18 23 38 49
 7 18 31 51 57
 7 18 34 55 67
 7 18 40 44 63
 7 18 45 62 65
 7 18 46 47 66
 7 18 48 69 70
 7 18 50 52 58
 7 19 23 40 52
 7 19 30 46 58
 7 19 31 43 59
 7 19 35 60 63
 7 19 37 45 64
 7 19 38 61 69
 7 19 42 62 67
 7 20 30 44 59
 7 20 34 49 61
 7 20 35 51 62
 7 20 36 45 63
 7 20 39 50 65
 7 20 41 53 64
 7 20 43 48 68
 7 20 46 56 60
 7 21 22 30 48
 7 21 24 39 53
 7 21 29 38 56
 7 21 31 58 60
 7 21 32 34 57
 7 21 40 62 66
 7 21 42 55 59
 7 22 32 47 54
 7 22 36 46 55
 7 22 42 56 58
 7 22 44 66 70
 7 22 50 57 59
 7 23 43 54 69
 7 23 48 63 66
 7 23 59 62 68
 7 24 25 44 64
 7 25 27 37 49
 7 25 38 46 67
 7 25 41 58 66
 7 26 35 47 59
 7 26 38 64 68
 7 27 36 60 67
 7 27 39 61 66
 7 27 40 65 68
 7 29 30 45 67
 7 29 35 65 69
 7 32 35 52 53
 8  9 14 15 28
 8  9 17 23 24
 8  9 18 19 36
 8  9 22 29 33
 8  9 26 30 41
 8  9 27 38 47
 8  9 31 32 48
 8  9 34 39 51
 8  9 35 40 53
 8  9 37 43 45
 8  9 42 44 50
 8  9 46 49 67
 8  9 52 58 66
 8  9 55 56 59
 8 10 13 20 34
 8 10 16 24 39
 8 10 18 22 40
 8 10 21 25 30
 8 10 26 28 44
 8 10 27 29 49
 8 10 31 33 38
 8 10 32 36 41
 8 10 35 46 52
 8 10 37 42 55
 8 10 43 56 58
 8 10 45 47 62
 8 10 48 51 67
 8 10 50 61 68
 8 10 53 57 63
 8 10 54 65 70
 8 11 13 23 30
 8 11 16 18 34
 8 11 19 22 42
 8 11 20 26 40
 8 11 25 27 41
 8 11 28 36 48
 8 11 29 31 50
 8 11 32 38 54
 8 11 33 39 56
 8 11 35 49 51
 8 11 37 44 57
 8 11 43 46 60
 8 11 45 53 58
 8 11 47 59 61
 8 11 63 66 67
 8 12 13 19 35
 8 12 14 18 33
 8 12 15 29 42
 8 12 20 21 36
 8 12 22 34 47
 8 12 26 37 52
 8 12 27 28 45
 8 12 30 31 53
 8 12 32 39 57
 8 12 38 41 59
 8 12 40 43 44
 8 12 46 48 68
 8 12 49 50 62
 8 12 51 55 64
 8 12 54 56 61
 8 13 15 25 39
 8 13 17 32 42
 8 13 26 46 55
 8 13 31 36 56
 8 13 37 40 60
 8 13 38 44 49
 8 13 41 48 61
 8 13 43 50 51
 8 13 45 57 65
 8 13 47 54 63
 8 13 53 64 68
 8 13 58 59 70
 8 14 16 19 21
 8 14 17 20 35
 8 14 24 26 43
 8 14 27 30 51
 8 14 31 45 63
 8 14 32 34 52
 8 14 36 40 58
 8 14 37 41 54
 8 14 38 42 48
 8 14 44 53 59
 8 14 46 57 62
 8 14 47 56 67
 8 15 16 27 35
 8 15 21 31 49
 8 15 32 33 51
 8 15 34 37 58
 8 15 36 53 54
 8 15 38 50 65
 8 15 40 45 46
 8 15 41 52 62
 8 15 43 64 66
 8 15 44 55 61
 8 15 47 68 70
 8 15 48 57 69
 8 16 23 26 45
 8 16 28 40 51
 8 16 29 41 64
 8 16 36 42 60
 8 16 37 47 53
 8 16 38 56 63
 8 16 43 49 52
 8 16 44 62 65
 8 16 46 59 66
 8 16 50 58 67
 8 16 54 55 69
 8 17 19 29 30
 8 17 22 25 43
 8 17 33 34 36
 8 17 37 49 61
 8 17 38 39 64
 8 17 40 48 70
 8 17 41 46 63
 8 17 44 45 60
 8 17 47 65 66
 8 17 54 58 68
 8 18 20 31 39
 8 18 21 29 47
 8 18 25 26 48
 8 18 27 43 59
 8 18 35 38 61
 8 18 37 50 69
 8 18 41 65 67
 8 18 42 46 64
 8 18 44 66 68
 8 18 49 53 70
 8 18 55 60 62
 8 19 23 28 43
 8 19 24 31 51
 8 19 32 40 59
 8 19 37 62 68
 8 19 38 55 58
 8 19 39 44 67
 8 19 45 50 70
 8 19 47 48 60
 8 19 49 66 69
 8 19 52 57 64
 8 20 22 37 51
 8 20 28 33 46
 8 20 38 57 66
 8 20 41 60 68
 8 20 42 43 62
 8 20 44 64 69
 8 21 22 24 44
 8 21 23 33 48
 8 21 32 43 61
 8 21 34 53 65
 8 21 37 64 67
 8 21 39 41 66
 8 21 40 50 63
 8 21 42 51 52
 8 21 45 56 69
 8 22 35 41 50
 8 22 45 55 66
 8 22 46 61 69
 8 22 59 64 65
 8 23 34 42 56
 8 23 35 39 54
 8 23 38 67 69
 8 23 51 59 60
 8 24 25 36 50
 8 24 27 46 58
 8 24 28 30 47
 8 24 38 60 70
 8 24 42 53 69
 8 25 34 49 54
 8 25 35 47 64
 8 25 40 67 68
 8 26 29 51 63
 8 26 32 47 69
 8 26 33 49 59
 8 26 36 39 61
 8 27 33 52 53
 8 27 36 57 68
 8 27 39 60 65
 8 27 44 48 56
 8 28 31 52 54
 8 29 32 55 70
 8 29 43 68 69
 8 30 34 48 55
 8 30 39 45 68
 8 31 35 59 69
 8 35 36 62 70
 9 10 12 13 16
 9 10 14 17 25
 9 10 15 18 29
 9 10 19 20 24
 9 10 21 23 39
 9 10 22 31 36
 9 10 26 33 45
 9 10 27 32 34
 9 10 28 30 46
 9 10 35 38 42
 9 10 37 40 52
 9 10 41 43 61
 9 10 44 48 49
 9 10 47 54 55
 9 10 50 51 70
 9 10 56 60 64
 9 10 57 59 62
 9 10 58 63 65
 9 11 12 15 34
 9 11 14 20 41
 9 11 18 24 37
 9 11 23 27 42
 9 11 25 28 47
 9 11 26 46 56
 9 11 29 30 35
 9 11 31 38 43
 9 11 32 36 49
 9 11 33 50 52
 9 11 39 40 44
 9 11 45 48 62
 9 11 51 55 57
 9 11 60 61 65
 9 12 17 27 39
 9 12 19 22 44
 9 12 20 26 47
 9 12 21 29 31
 9 12 24 32 42
 9 12 28 33 36
 9 12 30 38 50
 9 12 35 41 54
 9 12 37 48 56
 9 12 40 49 60
 9 12 43 52 53
 9 12 45 51 65
 9 12 46 62 63
 9 12 57 58 61
 9 12 59 64 70
 9 13 14 21 35
 9 13 15 26 32
 9 13 17 28 34
 9 13 22 23 45
 9 13 24 29 47
 9 13 25 27 31
 9 13 30 33 56
 9 13 36 39 46
 9 13 37 38 41
 9 13 40 43 62
 9 13 42 52 59
 9 13 44 51 67
 9 13 48 63 69
 9 13 49 68 70
 9 14 19 31 34
 9 14 22 37 59
 9 14 23 29 43
 9 14 26 38 54
 9 14 27 46 48
 9 14 32 47 50
 9 14 33 44 61
 9 14 36 52 55
 9 14 39 42 58
 9 14 40 45 64
 9 14 51 53 63
 9 14 60 66 69
 9 15 16 31 55
 9 15 20 27 37
 9 15 21 38 40
 9 15 23 36 48
 9 15 30 44 63
 9 15 33 39 59
 9 15 35 46 64
 9 15 41 49 51
 9 15 42 43 65
 9 15 45 47 52
 9 15 50 53 69
 9 15 56 61 67
 9 15 62 66 70
 9 16 17 29 48
 9 16 18 25 40
 9 16 33 37 54
 9 16 34 35 44
 9 16 36 41 66
 9 16 38 46 65
 9 16 39 50 60
 9 16 42 45 56
 9 16 47 49 61
 9 16 59 67 68
 9 17 32 46 54
 9 17 33 41 62
 9 17 36 40 61
 9 17 37 65 68
 9 17 38 49 57
 9 17 42 47 63
 9 17 43 44 64
 9 17 45 55 69
 9 18 26 42 53
 9 18 28 41 50
 9 18 31 49 52
 9 18 38 48 64
 9 18 39 47 65
 9 18 43 46 70
 9 18 44 55 58
 9 18 51 59 61
 9 18 56 57 63
 9 19 21 37 47
 9 19 23 33 51
 9 19 25 30 43
 9 19 35 39 49
 9 19 40 41 58
 9 19 42 54 60
 9 19 48 61 70
 9 20 22 25 46
 9 20 28 40 54
 9 20 32 43 56
 9 20 35 52 60
 9 20 39 48 66
 9 20 42 57 70
 9 20 45 58 68
 9 20 53 62 65
 9 21 22 42 64
 9 21 24 41 46
 9 21 25 44 56
 9 21 43 59 60
 9 22 30 49 69
 9 22 35 55 67
 9 22 40 50 68
 9 22 47 48 58
 9 23 38 55 66
 9 23 40 56 65
 9 23 44 68 69
 9 23 47 62 67
 9 24 26 44 57
 9 24 31 50 54
 9 24 33 34 53
 9 24 45 59 66
 9 24 60 63 68
 9 25 32 51 58
 9 25 37 53 55
 9 25 42 61 69
 9 25 45 50 67
 9 25 64 65 66
 9 26 31 35 58
 9 26 36 50 63
 9 26 39 55 64
 9 27 28 44 62
 9 27 41 55 60
 9 27 43 51 66
 9 27 53 56 70
 9 28 29 45 57
 9 28 37 49 64
 9 29 39 53 54
 9 30 32 45 60
 9 30 34 52 54
 9 30 37 61 62
 9 30 42 66 67
 9 31 41 57 64
 9 32 35 63 66
 9 33 43 67 69
 9 34 46 47 69
 9 35 36 59 65
10 11 12 26 41
10 11 14 15 21
10 11 16 19 30
10 11 22 28 49
10 11 23 29 44
10 11 25 32 48
10 11 31 35 53
10 11 33 34 43
10 11 36 46 58
10 11 37 38 51
10 11 39 42 54
10 11 40 47 56
10 11 45 52 64
10 11 50 57 69
10 11 55 60 63
10 11 62 67 68
10 12 14 22 45
10 12 15 25 43
10 12 17 29 35
10 12 18 32 38
10 12 21 27 47
10 12 24 33 50
10 12 28 51 57
10 12 30 34 36
10 12 37 46 54
10 12 39 44 52
10 12 40 58 59
10 12 42 48 61
10 12 49 53 56
10 12 60 62 66
10 12 63 68 69
10 13 14 23 31
10 13 17 36 37
10 13 21 40 48
10 13 22 29 43
10 13 25 44 57
10 13 26 47 61
10 13 32 33 39
10 13 35 51 59
10 13 38 55 56
10 13 41 42 46
10 13 45 49 58
10 13 53 60 67
10 13 54 66 69
10 14 18 24 42
10 14 19 26 37
10 14 27 33 54
10 14 28 35 56
10 14 30 39 61
10 14 34 38 40
10 14 36 57 65
10 14 41 47 53
10 14 43 44 63
10 14 46 50 64
10 14 48 55 62
10 14 52 58 69
10 15 16 33 41
10 15 22 38 39
10 15 23 37 50
10 15 28 32 52
10 15 30 31 54
10 15 34 49 64
10 15 35 36 45
10 15 40 44 51
10 15 42 53 59
10 15 46 48 70
10 15 55 58 68
10 15 57 60 61
10 15 62 65 69
10 16 20 35 37
10 16 25 34 51
10 16 29 52 53
10 16 36 43 62
10 16 38 47 48
10 16 40 46 61
10 16 42 44 66
10 16 45 50 63
10 16 49 65 68
10 16 55 57 67
10 17 19 23 32
10 17 20 39 43
10 17 31 40 60
10 17 34 53 54
10 17 38 63 70
10 17 42 49 69
10 17 44 47 68
10 17 45 46 51
10 17 50 52 55
10 17 58 61 62
10 18 20 28 45
10 18 23 25 46
10 18 33 35 57
10 18 34 39 56
10 18 36 44 67
10 18 41 49 63
10 18 43 52 66
10 18 47 64 69
10 18 51 55 65
10 19 21 41 51
10 19 27 35 40
10 19 33 46 53
10 19 34 48 63
10 19 36 47 49
10 19 38 43 67
10 19 42 64 68
10 19 44 59 61
10 19 50 65 66
10 19 54 56 57
10 20 21 42 58
10 20 22 27 48
10 20 30 47 63
10 20 32 44 60
10 20 36 54 59
10 20 40 67 69
10 20 55 61 64
10 21 24 43 54
10 21 35 44 62
10 21 45 53 68
10 21 49 61 66
10 22 24 46 57
10 22 37 41 58
10 22 47 52 70
10 22 50 53 62
10 23 28 38 41
10 23 40 43 68
10 23 45 48 56
10 24 25 27 52
10 24 26 29 55
10 24 28 53 58
10 24 38 61 65
10 24 40 62 63
10 24 44 69 70
10 25 26 36 56
10 25 39 58 60
10 26 27 30 50
10 26 31 48 68
10 26 40 64 65
10 26 43 46 69
10 27 31 42 62
10 27 37 44 64
10 27 45 60 70
10 28 29 42 60
10 28 31 50 67
10 28 33 55 69
10 28 36 61 63
10 29 30 51 62
10 29 34 37 57
10 29 40 66 70
10 29 41 56 68
10 30 32 43 64
10 30 33 59 60
10 31 32 45 57
10 31 39 41 65
10 33 37 56 62
11 12 13 27 32
11 12 16 17 33
11 12 35 37 58
11 12 36 39 43
11 12 38 40 55
11 12 42 44 45
11 12 46 47 51
11 12 48 49 52
11 12 50 54 70
11 12 53 57 60
11 12 59 62 65
11 13 14 18 38
11 13 15 20 28
11 13 21 22 25
11 13 29 33 54
11 13 31 34 51
11 13 35 48 50
11 13 37 39 55
11 13 40 41 53
11 13 42 43 63
11 13 44 46 52
11 13 45 47 66
11 13 49 62 64
11 13 56 57 58
11 14 22 24 32
11 14 23 26 28
11 14 30 33 62
11 14 31 36 61
11 14 34 35 39
11 14 37 40 65
11 14 42 46 66
11 14 43 47 64
11 14 44 48 69
11 14 45 51 54
11 14 49 50 60
11 14 53 67 70
11 15 16 23 49
11 15 17 18 32
11 15 24 27 43
11 15 25 29 51
11 15 30 39 57
11 15 31 37 47
11 15 33 35 55
11 15 36 38 60
11 15 41 42 67
11 15 44 50 59
11 15 45 56 70
11 15 46 61 63
11 15 48 53 64
11 15 52 54 58
11 16 20 29 46
11 16 24 26 47
11 16 28 35 59
11 16 31 32 60
11 16 36 40 63
11 16 37 41 68
11 16 38 58 64
11 16 42 48 55
11 16 43 44 70
11 16 45 57 61
11 16 51 52 56
11 16 54 65 67
11 17 19 24 41
11 17 20 21 34
11 17 22 26 29
11 17 23 35 56
11 17 25 31 52
11 17 27 28 38
11 17 30 42 58
11 17 36 51 70
11 17 39 46 59
11 17 40 43 69
11 17 44 49 66
11 17 47 55 62
11 17 48 54 60
11 18 19 25 45
11 18 20 30 43
11 18 21 33 36
11 18 29 41 52
11 18 35 46 67
11 18 39 51 58
11 18 40 42 49
11 18 44 53 61
11 18 47 57 70
11 18 54 63 68
11 18 56 59 60
11 19 23 47 50
11 19 28 37 60
11 19 32 34 55
11 19 36 57 59
11 19 39 61 62
11 19 40 68 70
11 19 43 53 56
11 19 51 63 69
11 20 24 38 50
11 20 27 45 55
11 20 31 42 59
11 20 35 61 69
11 20 44 47 65
11 20 49 56 67
11 20 51 64 66
11 20 52 62 63
11 21 24 29 49
11 21 26 27 51
11 21 28 39 63
11 21 31 48 70
11 21 38 45 59
11 21 40 54 64
11 21 42 60 69
11 21 43 52 55
11 21 46 65 68
11 22 27 30 44
11 22 31 54 56
11 22 34 36 53
11 22 35 45 60
11 22 39 66 68
11 23 24 48 58
11 23 32 52 61
11 23 33 40 57
11 23 41 43 62
11 23 59 63 64
11 24 39 64 65
11 24 44 55 68
11 24 53 62 66
11 25 33 37 59
11 25 40 60 66
11 25 42 65 70
11 25 43 57 67
11 25 46 50 55
11 25 49 53 68
11 26 30 45 63
11 26 33 48 67
11 26 34 49 58
11 26 37 54 61
11 27 33 58 60
11 27 34 54 57
11 27 36 65 69
11 27 56 61 68
11 28 42 61 64
11 28 52 53 69
11 29 32 37 56
11 30 31 64 67
11 30 38 48 66
11 31 41 58 63
11 34 38 61 70
11 35 36 41 64
11 41 45 46 69
12 13 17 21 41
12 13 20 23 24
12 13 25 28 49
12 13 26 29 57
12 13 30 42 55
12 13 33 37 53
12 13 34 38 58
12 13 36 40 64
12 13 39 45 54
12 13 43 56 65
12 13 44 60 68
12 13 47 48 67
12 13 50 52 63
12 13 59 61 69
12 14 15 16 40
12 14 17 19 38
12 14 20 27 49
12 14 23 30 41
12 14 26 31 44
12 14 28 47 54
12 14 32 35 43
12 14 34 46 53
12 14 36 42 62
12 14 39 59 67
12 14 48 51 70
12 14 50 55 56
12 14 52 57 66
12 14 58 60 64
12 15 17 37 51
12 15 18 19 46
12 15 24 31 52
12 15 28 38 62
12 15 36 44 56
12 15 39 41 60
12 15 45 48 58
12 15 47 50 57
12 15 49 54 55
12 15 61 64 68
12 16 18 21 22
12 16 19 23 29
12 16 24 25 48
12 16 26 28 55
12 16 30 44 64
12 16 31 35 47
12 16 32 34 56
12 16 37 45 67
12 16 39 46 70
12 16 41 43 69
12 16 42 57 68
12 16 49 51 66
12 16 52 58 65
12 16 53 54 59
12 17 18 36 57
12 17 20 25 40
12 17 22 23 31
12 17 24 30 43
12 17 42 46 56
12 17 44 62 69
12 17 47 52 59
12 17 48 53 55
12 17 49 65 70
12 17 54 63 64
12 17 60 61 67
12 18 25 27 34
12 18 26 35 62
12 18 29 30 56
12 18 37 40 41
12 18 39 49 61
12 18 42 43 67
12 18 45 66 70
12 18 48 59 63
12 19 20 39 53
12 19 24 26 54
12 19 25 47 56
12 19 33 40 62
12 19 34 49 67
12 19 36 51 58
12 19 43 57 63
12 19 45 55 60
12 20 29 32 45
12 20 30 33 54
12 20 37 43 66
12 20 41 44 48
12 20 42 50 51
12 20 46 65 67
12 20 55 58 62
12 20 60 69 70
12 21 25 26 50
12 21 32 37 59
12 21 35 40 69
12 21 54 58 66
12 21 56 57 62
12 22 24 27 41
12 22 25 52 54
12 22 26 38 51
12 22 28 30 58
12 22 35 48 64
12 22 37 61 65
12 22 42 53 63
12 22 43 49 68
12 22 50 67 69
12 23 25 44 59
12 23 26 46 49
12 23 34 40 63
12 23 36 37 60
12 23 39 50 64
12 24 29 46 59
12 24 35 57 67
12 24 36 47 53
12 24 37 64 69
12 24 40 66 68
12 25 29 33 55
12 25 32 53 64
12 25 41 45 61
12 26 64 66 67
12 27 29 52 67
12 27 30 46 66
12 27 31 51 54
12 27 33 38 61
12 28 29 48 69
12 28 31 40 65
12 28 44 46 50
12 29 34 39 62
12 30 45 52 69
12 31 32 36 55
12 31 39 56 63
12 31 42 58 70
12 32 44 63 67
12 33 35 59 68
12 34 35 61 66
12 34 42 64 65
12 35 38 45 53
13 14 15 17 43
13 14 16 26 27
13 14 19 24 25
13 14 28 30 57
13 14 32 37 49
13 14 33 36 45
13 14 34 44 64
13 14 39 40 47
13 14 41 51 69
13 14 42 53 61
13 14 46 60 63
13 14 48 52 56
13 14 50 54 58
13 14 55 59 66
13 14 65 67 68
13 15 16 22 24
13 15 19 29 48
13 15 30 47 62
13 15 31 35 40
13 15 36 41 58
13 15 37 44 65
13 15 38 46 54
13 15 42 68 69
13 15 45 51 53
13 15 52 55 64
13 15 57 59 63
13 16 17 18 23
13 16 21 29 30
13 16 25 35 55
13 16 28 31 37
13 16 32 38 59
13 16 34 36 52
13 16 39 42 67
13 16 40 45 68
13 16 41 47 70
13 16 43 46 53
13 16 48 57 60
13 16 49 54 56
13 16 50 61 66
13 17 22 33 35
13 17 25 29 50
13 17 26 30 44
13 17 27 47 56
13 17 31 38 65
13 17 39 51 61
13 17 40 49 55
13 17 45 52 67
13 17 54 57 70
13 17 60 64 66
13 18 19 21 42
13 18 22 26 28
13 18 25 37 43
13 18 27 35 58
13 18 33 40 66
13 18 44 50 70
13 18 45 46 48
13 18 47 59 68
13 18 49 57 69
13 18 51 54 60
13 18 52 53 62
13 19 20 22 32
13 19 23 27 46
13 19 26 33 52
13 19 30 34 60
13 19 36 38 68
13 19 37 61 63
13 19 39 43 69
13 19 40 57 67
13 19 44 53 54
13 19 51 56 62
13 20 21 26 53
13 20 25 41 56
13 20 27 29 59
13 20 30 38 39
13 20 31 33 50
13 20 35 36 42
13 20 37 46 47
13 20 40 58 63
13 20 43 45 70
13 20 48 49 51
13 20 52 54 61
13 20 55 65 69
13 21 23 43 47
13 21 27 33 57
13 21 31 39 52
13 21 36 44 66
13 21 38 60 61
13 21 45 63 64
13 21 50 56 59
13 21 54 55 62
13 22 30 41 63
13 22 31 44 48
13 22 34 37 62
13 22 40 42 65
13 22 46 51 64
13 22 49 53 59
13 22 52 58 60
13 22 57 61 68
13 23 28 36 50
13 23 32 48 53
13 23 37 54 64
13 23 41 52 65
13 23 55 58 67
13 23 56 60 69
13 24 26 35 60
13 24 27 28 55
13 24 30 45 50
13 24 31 53 57
13 24 34 42 66
13 24 36 59 62
13 25 30 58 61
13 25 38 62 63
13 25 54 59 67
13 26 34 40 70
13 26 41 59 64
13 26 58 62 65
13 27 30 48 65
13 27 38 64 67
13 27 39 62 68
13 27 63 66 70
13 28 33 42 44
13 28 39 65 66
13 28 61 62 67
13 29 31 32 61
13 29 34 35 49
13 29 36 67 69
13 29 46 58 68
13 30 32 67 70
13 31 46 62 69
13 32 34 50 69
13 32 35 54 65
13 32 47 51 55
13 35 37 66 67
14 15 18 23 52
14 15 24 30 60
14 15 25 31 33
14 15 35 42 44
14 15 37 57 64
14 15 41 45 66
14 15 46 47 49
14 15 48 50 63
14 15 51 55 67
14 15 53 56 58
14 15 54 59 62
14 16 17 22 34
14 16 20 28 48
14 16 29 31 59
14 16 30 36 67
14 16 33 38 60
14 16 35 58 63
14 16 37 39 69
14 16 41 42 49
14 16 43 61 65
14 16 44 45 52
14 16 47 51 68
14 16 56 62 64
14 17 23 33 58
14 17 24 29 56
14 17 26 32 53
14 17 31 47 69
14 17 37 42 67
14 17 39 41 68
14 17 40 44 46
14 17 48 49 59
14 17 51 52 60
14 17 57 61 63
14 18 19 22 47
14 18 20 21 32
14 18 25 29 53
14 18 31 35 66
14 18 34 36 54
14 18 37 45 68
14 18 39 46 55
14 18 43 48 60
14 18 58 59 65
14 18 62 63 70
14 19 20 42 45
14 19 28 32 39
14 19 33 49 56
14 19 36 41 70
14 19 43 46 68
14 19 44 50 51
14 19 52 54 67
14 19 55 63 64
14 19 60 62 65
14 20 22 23 40
14 20 24 33 64
14 20 25 44 54
14 20 30 37 70
14 20 36 50 68
14 20 46 59 69
14 20 56 63 65
14 21 22 26 55
14 21 23 38 50
14 21 25 45 46
14 21 28 29 58
14 21 30 40 53
14 21 36 49 51
14 21 39 43 70
14 21 41 56 60
14 21 52 62 68
14 21 64 65 69
14 22 25 28 60
14 22 29 30 42
14 22 31 52 65
14 22 33 63 66
14 22 41 44 67
14 22 53 54 57
14 23 24 27 47
14 23 32 36 56
14 23 34 57 59
14 23 39 44 49
14 23 42 51 65
14 23 53 62 69
14 23 60 61 68
14 23 64 66 70
14 24 31 49 58
14 24 35 36 69
14 24 37 46 52
14 24 40 41 61
14 24 45 62 67
14 25 26 30 35
14 25 27 32 61
14 25 38 56 57
14 25 42 63 68
14 25 47 48 65
14 25 51 59 64
14 26 29 33 34
14 26 40 56 59
14 26 42 50 57
14 26 45 69 70
14 26 48 58 66
14 26 49 61 64
14 27 28 31 53
14 27 29 36 37
14 27 34 58 70
14 27 35 41 62
14 27 57 67 69
14 28 33 65 70
14 28 34 63 67
14 28 37 50 66
14 29 38 39 63
14 29 50 61 62
14 29 54 64 68
14 30 32 38 55
14 30 34 68 69
14 32 40 66 67
14 35 38 59 70
14 35 40 48 68
15 16 18 20 44
15 16 19 25 37
15 16 26 29 56
15 16 28 30 61
15 16 32 36 64
15 16 34 38 42
15 16 39 43 45
15 16 47 54 66
15 16 48 52 68
15 16 51 57 62
15 16 53 63 67
15 16 58 59 60
15 17 19 21 39
15 17 20 30 46
15 17 23 25 41
15 17 27 33 40
15 17 28 42 50
15 17 34 45 57
15 17 35 38 47
15 17 49 52 53
15 17 54 56 65
15 17 59 61 70
15 17 60 62 63
15 17 64 67 69
15 18 22 27 42
15 18 24 26 45
15 18 33 47 56
15 18 35 37 59
15 18 36 39 40
15 18 38 41 43
15 18 48 51 66
15 18 57 65 68
15 18 58 62 64
15 19 22 28 53
15 19 23 30 35
15 19 24 32 44
15 19 27 49 58
15 19 31 38 56
15 19 33 34 65
15 19 40 43 47
15 19 41 55 59
15 19 50 52 60
15 19 54 64 70
15 20 21 23 45
15 20 25 47 55
15 20 29 31 58
15 20 38 48 67
15 20 39 49 69
15 20 43 50 54
15 20 51 56 68
15 20 59 65 66
15 21 22 29 34
15 21 24 28 33
15 21 25 27 48
15 21 26 36 37
15 21 32 35 60
15 21 41 44 47
15 21 43 46 56
15 21 50 51 64
15 21 52 59 69
15 21 53 57 66
15 21 55 65 70
15 22 25 26 44
15 22 30 51 52
15 22 31 50 61
15 22 35 43 63
15 22 46 58 66
15 22 55 56 57
15 23 26 31 59
15 23 29 39 61
15 23 34 53 55
15 24 29 38 57
15 24 34 46 68
15 24 37 42 62
15 24 47 51 59
15 24 50 67 70
15 24 56 63 64
15 24 61 66 69
15 25 30 32 49
15 25 36 61 62
15 25 40 63 65
15 25 45 54 60
15 26 27 28 57
15 26 30 58 67
15 26 35 50 68
15 26 41 54 69
15 26 42 48 49
15 26 51 60 70
15 26 52 63 66
15 27 30 34 56
15 27 32 55 62
15 27 36 52 70
15 28 29 36 59
15 28 40 49 70
15 28 45 65 67
15 28 55 60 66
15 29 30 66 68
15 29 33 62 67
15 30 33 69 70
15 31 32 34 63
15 31 39 66 67
15 32 37 38 66
15 34 40 59 67
15 34 43 44 69
15 37 41 63 70
15 39 42 51 63
16 17 19 20 27
16 17 21 32 44
16 17 26 37 58
16 17 30 45 47
16 17 36 50 59
16 17 38 40 41
16 17 39 63 66
16 17 46 52 69
16 17 53 56 60
16 17 57 64 65
16 18 19 33 58
16 18 24 27 31
16 18 26 30 52
16 18 32 35 69
16 18 37 38 62
16 18 39 48 53
16 18 41 46 57
16 18 43 47 55
16 18 49 60 67
16 19 24 34 59
16 19 28 41 67
16 19 31 36 44
16 19 35 42 43
16 19 38 51 54
16 19 39 40 56
16 19 45 48 49
16 19 50 62 69
16 19 53 55 61
16 20 21 25 49
16 20 22 31 45
16 20 23 30 53
16 20 26 32 41
16 20 33 40 43
16 20 34 62 67
16 20 47 57 58
16 20 50 55 70
16 20 56 59 61
16 20 60 63 64
16 20 66 68 69
16 21 23 24 42
16 21 27 28 54
16 21 33 35 53
16 21 34 39 61
16 21 36 45 70
16 21 40 47 52
16 21 43 48 58
16 21 46 51 63
16 22 23 25 33
16 22 27 32 40
16 22 28 42 69
16 22 35 36 68
16 22 37 46 48
16 22 38 61 67
16 22 43 50 64
16 22 44 51 53
16 22 47 56 65
16 22 54 60 70
16 22 55 59 63
16 23 31 34 41
16 23 32 50 54
16 23 35 60 65
16 23 36 58 69
16 23 46 56 67
16 23 52 57 63
16 24 28 29 32
16 24 30 33 57
16 24 36 51 61
16 24 44 49 50
16 24 46 54 64
16 24 52 55 60
16 24 53 65 70
16 25 26 31 46
16 25 27 29 62
16 25 28 39 57
16 25 30 38 68
16 25 45 65 69
16 26 33 42 62
16 26 34 48 64
16 26 51 67 69
16 26 57 59 70
16 27 33 45 59
16 27 37 60 61
16 27 51 55 58
16 27 53 64 66
16 28 33 63 68
16 28 34 66 70
16 29 33 36 65
16 29 35 38 66
16 29 39 55 68
16 29 61 69 70
16 30 31 51 70
16 30 32 48 63
16 31 58 62 68
16 32 33 52 67
16 35 40 64 67
17 18 19 37 44
17 18 20 22 41
17 18 21 24 48
17 18 29 31 34
17 18 33 42 55
17 18 40 45 50
17 18 47 53 58
17 18 51 62 68
17 19 25 35 36
17 19 31 33 57
17 19 42 48 51
17 19 43 55 66
17 19 45 53 59
17 19 46 49 50
17 19 52 61 68
17 20 24 26 49
17 20 28 37 69
17 20 32 33 68
17 20 36 38 44
17 20 42 52 64
17 20 45 56 62
17 20 50 53 61
17 20 51 54 55
17 21 22 28 45
17 21 23 37 40
17 21 25 38 42
17 21 29 51 59
17 21 31 46 55
17 21 36 53 62
17 21 47 50 70
17 21 49 58 64
17 21 54 61 69
17 22 24 50 51
17 22 32 37 52
17 22 38 48 68
17 22 39 44 54
17 22 46 62 65
17 22 47 57 60
17 22 56 63 69
17 23 26 27 48
17 23 29 55 60
17 23 30 34 65
17 23 36 64 68
17 23 38 43 45
17 23 39 42 53
17 23 44 50 63
17 24 25 28 54
17 24 27 34 60
17 24 31 32 64
17 24 33 59 63
17 24 36 45 58
17 25 26 33 64
17 25 27 51 57
17 25 30 37 48
17 25 34 56 59
17 25 62 66 67
17 26 28 31 51
17 26 35 42 54
17 26 39 45 65
17 26 46 67 68
17 26 52 62 70
17 27 29 32 58
17 27 30 31 35
17 27 42 59 68
17 27 44 53 67
17 27 52 63 65
17 28 29 33 52
17 28 30 53 64
17 28 35 39 62
17 28 41 43 47
17 28 46 48 58
17 28 55 57 59
17 29 36 41 49
17 29 37 39 70
17 30 32 36 66
17 31 41 54 66
17 31 48 56 67
17 32 34 39 67
17 32 41 56 61
17 32 59 65 69
17 34 35 37 43
17 34 41 42 70
17 35 41 51 65
17 35 50 58 66
17 35 53 57 69
18 19 26 27 55
18 19 28 29 49
18 19 30 32 51
18 19 34 35 52
18 19 40 48 65
18 19 43 50 61
18 19 53 60 64
18 19 59 67 69
18 20 23 26 29
18 20 24 34 63
18 20 27 36 47
18 20 33 37 60
18 20 38 40 53
18 20 46 54 58
18 20 48 50 56
18 20 51 67 70
18 20 52 55 57
18 21 23 28 51
18 21 25 31 41
18 21 30 35 68
18 21 38 63 66
18 21 40 60 70
18 21 43 44 45
18 21 46 61 62
18 21 49 50 54
18 21 53 55 56
18 22 29 37 54
18 22 30 31 55
18 22 34 38 45
18 22 36 50 60
18 22 44 46 49
18 22 52 56 61
18 22 57 58 67
18 22 64 68 70
18 23 24 30 44
18 23 27 37 39
18 23 31 33 61
18 23 35 36 43
18 23 41 42 45
18 23 48 54 55
18 23 50 53 59
18 23 56 58 70
18 24 25 32 33
18 24 28 36 68
18 24 29 40 51
18 24 39 57 59
18 24 47 49 62
18 24 50 55 66
18 24 52 54 70
18 24 58 60 61
18 25 28 30 59
18 25 35 39 44
18 25 38 47 50
18 25 49 51 56
18 25 52 63 69
18 25 54 57 61
18 26 32 34 43
18 26 33 38 69
18 26 44 47 54
18 26 49 65 66
18 27 28 32 48
18 27 30 45 53
18 27 38 54 65
18 27 41 44 69
18 27 46 50 51
18 27 57 62 66
18 27 61 63 64
18 28 34 60 69
18 28 38 39 70
18 28 43 53 54
18 28 56 64 65
18 29 32 60 63
18 29 36 58 66
18 29 61 67 68
18 30 33 34 46
18 30 36 62 69
18 30 37 42 47
18 31 32 37 70
18 31 36 45 59
18 31 40 47 67
18 31 42 44 56
18 34 41 51 53
18 39 42 60 68
18 45 47 51 63
19 20 21 30 50
19 20 23 31 48
19 20 25 26 57
19 20 28 35 47
19 20 29 34 40
19 20 38 41 46
19 20 43 44 49
19 20 56 66 70
19 20 58 60 67
19 21 22 27 31
19 21 23 26 44
19 21 32 33 69
19 21 34 36 64
19 21 38 57 65
19 21 45 58 61
19 21 46 48 52
19 21 49 53 63
19 22 23 24 37
19 22 26 35 65
19 22 29 41 45
19 22 30 33 38
19 22 36 52 66
19 22 39 46 60
19 22 43 58 62
19 22 48 50 54
19 22 51 55 68
19 23 34 45 54
19 23 36 39 55
19 23 41 49 61
19 23 53 57 58
19 23 63 65 67
19 24 27 45 57
19 24 29 50 53
19 24 30 40 49
19 24 35 48 55
19 24 36 42 46
19 24 47 52 58
19 24 65 68 69
19 25 27 28 50
19 25 29 42 44
19 25 31 32 62
19 25 34 38 39
19 25 41 48 69
19 25 46 54 65
19 25 49 52 55
19 25 58 59 68
19 26 28 30 62
19 26 29 46 47
19 26 31 39 42
19 26 32 38 45
19 26 34 51 61
19 27 30 41 54
19 27 33 37 66
19 27 38 44 52
19 27 48 59 64
19 28 31 46 61
19 28 34 44 68
19 28 36 45 69
19 28 51 52 59
19 28 54 58 63
19 29 31 60 66
19 29 32 57 68
19 29 56 58 64
19 29 59 62 63
19 30 31 47 68
19 30 52 53 70
19 31 35 67 70
19 32 35 37 50
19 33 39 45 63
19 33 41 42 47
19 35 41 44 66
19 37 38 42 49
19 38 40 50 64
19 46 51 66 67
20 21 22 35 56
20 21 27 38 43
20 21 28 41 55
20 21 37 39 44
20 21 47 48 54
20 21 59 63 67
20 22 24 36 65
20 22 26 34 39
20 22 29 44 50
20 22 42 47 49
20 22 43 52 59
20 22 53 55 60
20 23 25 28 32
20 23 36 41 51
20 23 38 42 63
20 23 39 46 52
20 23 43 57 60
20 23 44 58 66
20 23 49 55 59
20 23 61 65 70
20 24 25 31 43
20 24 28 52 66
20 24 29 37 41
20 24 30 35 58
20 24 32 40 46
20 24 39 45 47
20 24 42 48 60
20 24 44 61 67
20 24 53 54 68
20 25 27 35 63
20 25 34 37 50
20 25 39 68 70
20 25 45 51 52
20 25 48 58 64
20 26 30 31 56
20 26 33 35 44
20 26 36 43 64
20 26 37 38 55
20 26 42 65 68
20 26 45 46 66
20 26 48 59 62
20 26 50 58 69
20 27 28 51 61
20 27 30 40 42
20 27 31 34 52
20 27 32 50 64
20 27 33 41 65
20 27 54 60 62
20 28 29 30 65
20 28 31 49 57
20 28 38 59 68
20 29 33 39 42
20 29 35 48 70
20 29 36 53 56
20 29 47 60 61
20 29 49 54 63
20 30 41 45 49
20 30 55 67 68
20 31 35 64 65
20 31 36 37 40
20 31 44 46 53
20 32 34 47 53
20 32 36 48 52
20 32 37 58 61
20 32 51 57 63
20 33 34 55 56
20 33 38 52 58
20 34 36 46 57
20 34 43 58 65
20 35 43 46 55
20 38 49 64 70
20 39 41 58 59
20 40 41 47 50
20 45 54 64 67
21 22 33 40 59
21 22 36 43 67
21 22 38 47 53
21 22 51 54 65
21 22 58 63 68
21 23 25 34 52
21 23 27 30 49
21 23 31 32 68
21 23 35 41 59
21 23 46 54 57
21 23 55 61 63
21 23 60 66 67
21 24 25 40 55
21 24 26 32 52
21 24 27 35 50
21 24 30 31 34
21 24 36 57 63
21 24 38 51 58
21 24 47 56 61
21 25 29 37 60
21 25 32 36 47
21 25 33 43 63
21 25 51 53 69
21 25 59 66 70
21 26 28 40 46
21 26 29 41 42
21 26 31 33 65
21 26 34 45 62
21 26 47 49 57
21 26 54 60 63
21 27 29 39 46
21 27 32 45 66
21 27 34 37 55
21 27 52 56 64
21 27 53 59 61
21 27 62 67 70
21 28 30 36 52
21 28 31 35 38
21 28 37 42 53
21 28 43 49 62
21 28 44 61 70
21 28 47 60 65
21 28 48 56 66
21 29 32 48 50
21 29 33 44 68
21 29 35 55 57
21 29 52 63 70
21 30 32 39 42
21 30 33 41 64
21 30 43 51 57
21 30 44 46 69
21 30 47 55 58
21 31 40 42 43
21 31 59 62 64
21 32 40 49 56
21 33 34 49 60
21 33 37 46 58
21 34 35 47 51
21 34 38 41 48
21 34 44 50 58
21 35 36 39 58
21 35 37 45 48
21 35 42 49 70
21 35 43 65 66
21 37 41 49 52
21 37 51 61 68
21 39 40 45 51
21 39 47 67 68
21 41 43 50 53
21 42 48 62 65
21 44 51 55 60
21 50 52 65 67
22 23 26 32 57
22 23 27 28 52
22 23 29 38 58
22 23 30 36 54
22 23 39 41 48
22 23 42 43 46
22 23 44 47 61
22 23 49 50 65
22 23 51 56 66
22 23 53 64 67
22 23 55 69 70
22 24 25 30 53
22 24 26 40 48
22 24 28 43 56
22 24 31 39 62
22 24 34 35 70
22 24 42 45 52
22 24 47 55 64
22 24 49 54 61
22 25 29 39 47
22 25 31 34 57
22 25 35 37 38
22 25 36 40 41
22 25 42 48 59
22 25 45 49 62
22 25 50 58 70
22 25 51 61 63
22 26 33 36 58
22 26 41 47 68
22 26 42 60 66
22 26 43 45 53
22 26 46 50 52
22 26 49 63 67
22 26 54 62 64
22 27 29 51 60
22 27 33 34 64
22 27 35 39 53
22 27 36 45 56
22 27 37 47 63
22 27 38 59 62
22 27 46 54 68
22 28 29 46 63
22 28 33 37 67
22 28 34 48 51
22 28 35 40 44
22 28 41 57 65
22 29 31 64 69
22 29 32 53 65
22 29 48 56 62
22 30 32 35 61
22 30 34 40 66
22 30 37 39 50
22 30 43 60 65
22 30 45 46 59
22 30 57 62 70
22 31 32 33 42
22 31 37 49 66
22 31 38 40 63
22 31 43 47 51
22 32 34 41 46
22 32 36 39 51
22 32 38 43 44
22 32 45 48 67
22 32 49 60 64
22 32 56 59 68
22 33 39 55 61
22 33 45 47 50
22 33 48 49 57
22 33 52 62 69
22 34 44 52 55
22 34 54 58 59
22 35 47 62 66
22 35 51 58 69
22 36 44 62 63
22 37 42 44 68
22 38 41 42 55
22 40 45 54 69
22 40 46 53 56
22 40 51 62 67
22 43 48 61 66
22 44 45 58 64
22 44 59 60 69
23 24 25 45 63
23 24 26 50 56
23 24 28 46 62
23 24 32 34 49
23 24 33 35 38
23 24 41 54 67
23 24 43 51 52
23 24 57 61 64
23 25 26 40 47
23 25 27 36 53
23 25 29 30 57
23 25 31 42 49
23 25 37 58 62
23 25 39 43 65
23 25 48 50 51
23 25 54 66 68
23 26 35 51 53
23 26 39 58 63
23 26 42 61 67
23 26 52 60 64
23 27 29 33 50
23 27 34 43 67
23 27 35 55 68
23 27 40 41 66
23 27 44 45 51
23 27 54 56 63
23 27 62 64 65
23 28 29 31 47
23 28 33 45 53
23 28 34 58 64
23 28 37 59 61
23 28 39 40 67
23 28 42 48 68
23 28 49 60 63
23 29 32 35 42
23 29 34 51 68
23 29 37 45 46
23 29 41 53 63
23 29 54 59 65
23 30 32 37 69
23 30 33 43 55
23 30 38 52 56
23 30 46 47 48
23 30 50 60 62
23 30 63 68 70
23 31 35 37 52
23 31 36 38 46
23 31 40 45 58
23 31 43 50 66
23 31 51 55 62
23 32 38 40 62
23 32 44 46 70
23 32 47 58 59
23 33 34 37 44
23 33 36 42 66
23 33 41 46 68
23 33 47 63 69
23 34 35 48 69
23 37 38 53 70
23 37 41 47 55
23 40 42 44 54
23 40 46 50 69
23 43 48 49 70
23 44 48 57 62
23 45 47 49 68
23 46 53 61 66
23 47 52 53 54
23 49 51 54 58
24 25 29 58 65
24 25 34 47 67
24 25 39 46 56
24 25 41 42 51
24 25 49 57 60
24 26 27 33 39
24 26 28 37 63
24 26 30 42 64
24 26 36 38 67
24 26 46 51 65
24 26 58 68 70
24 27 29 42 54
24 27 37 38 56
24 27 44 59 65
24 27 48 49 53
24 27 51 63 67
24 28 31 41 59
24 28 40 45 60
24 28 42 49 65
24 28 48 50 61
24 28 51 64 70
24 29 31 36 48
24 29 33 60 69
24 29 34 43 61
24 29 39 44 66
24 30 32 54 56
24 30 41 48 70
24 30 46 55 61
24 30 52 59 67
24 30 63 65 66
24 31 33 55 70
24 31 35 44 45
24 31 37 60 65
24 32 37 43 48
24 32 38 47 63
24 32 39 50 58
24 32 51 53 60
24 32 55 57 69
24 32 61 62 70
24 33 36 40 52
24 33 41 44 58
24 33 47 54 65
24 33 48 51 62
24 33 56 66 67
24 34 37 39 54
24 34 38 52 62
24 34 48 56 57
24 35 39 40 42
24 35 43 49 59
24 35 52 64 68
24 35 53 61 63
24 37 45 49 70
24 37 50 57 68
24 37 55 58 59
24 38 41 64 66
24 39 41 43 63
24 39 48 67 69
24 40 43 50 65
24 41 50 52 69
24 42 43 57 58
24 43 44 46 47
24 43 60 62 64
24 44 48 52 63
24 55 56 62 65
25 26 28 29 38
25 26 32 37 65
25 26 41 43 49
25 26 45 55 58
25 26 52 53 59
25 26 62 68 69
25 27 33 44 70
25 27 38 40 45
25 27 39 42 64
25 27 43 47 58
25 27 46 59 60
25 27 55 56 66
25 28 33 35 61
25 28 36 37 44
25 28 41 46 52
25 28 43 45 48
25 28 51 62 65
25 28 53 56 63
25 28 55 64 67
25 29 35 40 43
25 29 46 48 49
25 29 52 61 64
25 29 54 56 69
25 30 31 36 60
25 30 34 42 62
25 30 39 40 52
25 30 41 44 55
25 30 46 63 64
25 30 47 51 54
25 30 50 56 65
25 31 35 51 68
25 31 39 48 61
25 31 44 50 69
25 31 45 47 70
25 31 53 65 67
25 31 54 55 63
25 32 34 60 68
25 32 35 56 67
25 32 38 69 70
25 32 41 50 57
25 32 42 52 66
25 33 34 58 69
25 33 40 48 54
25 33 47 49 66
25 33 52 56 60
25 34 36 63 66
25 34 43 53 70
25 35 46 66 69
25 35 48 52 57
25 35 50 53 54
25 36 38 49 58
25 36 42 45 57
25 36 52 65 68
25 37 40 42 46
25 37 61 67 70
25 38 43 51 55
25 38 44 61 66
25 39 45 53 66
25 40 50 59 61
25 40 56 62 70
25 41 47 59 62
25 43 50 52 62
25 43 56 64 68
25 46 47 61 68
25 48 60 63 67
26 27 29 44 61
26 27 31 32 49
26 27 34 36 41
26 27 35 37 46
26 27 40 54 58
26 27 45 47 64
26 27 53 60 68
26 27 59 63 69
26 28 32 35 64
26 28 34 42 59
26 28 39 50 54
26 28 41 61 66
26 28 45 49 56
26 28 47 52 67
26 28 48 53 65
26 29 30 36 70
26 29 37 43 59
26 29 39 60 67
26 29 45 52 68
26 29 49 53 62
26 30 33 37 68
26 30 34 53 57
26 30 38 40 43
26 30 39 51 66
26 30 48 60 61
26 30 54 55 59
26 31 34 50 60
26 31 36 47 62
26 31 37 41 67
26 31 38 57 61
26 31 40 52 55
26 31 43 63 70
26 32 36 40 60
26 32 39 46 62
26 32 48 51 56
26 32 50 55 67
26 32 54 66 70
26 32 61 63 68
26 33 40 41 63
26 33 43 47 60
26 33 46 61 70
26 33 55 57 66
26 34 35 55 63
26 34 44 56 65
26 35 40 45 57
26 36 42 44 69
26 37 44 48 70
26 37 49 60 69
26 38 39 47 56
26 38 41 44 62
26 38 46 48 63
26 38 50 59 66
26 39 43 44 68
26 40 49 50 51
26 41 45 48 50
26 41 55 56 70
26 43 55 61 62
26 44 46 58 60
26 44 50 53 64
27 28 34 39 49
27 28 35 42 66
27 28 37 58 65
27 28 40 47 69
27 28 41 64 68
27 28 56 59 67
27 29 30 38 69
27 29 31 41 43
27 29 34 48 66
27 29 47 53 55
27 29 56 57 65
27 30 32 52 57
27 30 33 47 67
27 30 36 55 63
27 31 36 58 64
27 31 37 57 59
27 31 38 39 55
27 31 45 48 69
27 31 47 50 65
27 32 33 36 43
27 32 35 38 51
27 32 39 41 70
27 32 42 44 47
27 32 46 53 69
27 33 42 56 69
27 33 46 49 63
27 34 40 46 62
27 34 42 45 50
27 35 43 52 54
27 35 48 61 67
27 35 49 57 64
27 36 40 44 49
27 37 40 43 53
27 37 42 51 70
27 37 52 68 69
27 38 48 50 70
27 38 49 60 66
27 38 53 58 63
27 39 40 50 57
27 40 55 61 70
27 41 42 57 61
27 41 47 51 52
27 43 44 50 55
27 43 45 46 65
27 43 48 62 63
27 43 64 69 70
27 45 52 58 62
27 47 49 54 59
27 49 50 52 61
27 49 55 65 67
28 29 34 50 55
28 29 35 53 67
28 29 40 56 61
28 29 44 51 54
28 29 62 68 70
28 30 31 33 48
28 30 35 49 54
28 30 37 55 56
28 30 39 41 69
28 30 42 43 70
28 30 44 45 66
28 30 50 51 68
28 31 32 43 69
28 31 34 56 62
28 31 39 44 58
28 32 34 54 61
28 32 37 40 57
28 32 38 42 56
28 32 41 45 51
28 32 44 49 55
28 32 47 66 68
28 32 50 53 70
28 32 59 60 62
28 33 34 38 57
28 33 41 54 60
28 33 43 58 59
28 34 35 46 65
28 35 36 57 60
28 35 52 55 70
28 36 38 40 66
28 36 42 54 67
28 36 43 55 65
28 36 47 56 70
28 37 38 43 52
28 38 44 60 64
28 38 49 51 53
28 38 63 65 69
28 39 43 60 61
28 39 45 46 64
28 39 52 56 68
28 40 41 48 62
28 40 43 63 64
28 40 53 55 68
28 43 46 57 66
28 44 47 53 57
28 45 54 59 70
28 46 49 68 69
28 47 49 50 58
28 58 67 69 70
29 30 31 40 44
29 30 32 41 59
29 30 37 58 63
29 30 43 47 49
29 31 35 46 54
29 31 38 49 67
29 31 42 45 51
29 31 52 57 62
29 31 63 65 68
29 32 33 64 66
29 32 36 54 62
29 32 39 40 69
29 32 49 51 52
29 33 35 37 47
29 33 38 40 46
29 33 43 56 70
29 33 51 53 57
29 34 38 59 64
29 34 42 63 69
29 34 44 53 60
29 34 45 65 70
29 35 36 50 51
29 35 39 45 59
29 35 41 58 60
29 35 44 52 56
29 36 40 47 57
29 36 43 46 52
29 36 44 45 55
29 37 40 48 64
29 37 51 55 66
29 38 42 47 52
29 38 43 50 60
29 38 48 51 61
29 40 49 59 68
29 41 47 66 67
29 41 54 55 61
29 42 43 53 64
29 42 46 55 65
29 42 59 67 70
29 43 44 58 67
29 43 45 63 66
29 44 49 64 65
29 45 47 58 69
29 46 60 64 70
29 48 54 57 58
29 50 57 63 64
29 53 59 66 69
30 31 38 45 62
30 31 42 50 52
30 31 57 58 65
30 31 61 63 69
30 32 33 53 58
30 32 44 62 68
30 33 35 39 65
30 33 40 45 61
30 34 35 38 67
30 34 43 50 63
30 34 44 47 70
30 35 37 44 60
30 35 40 55 62
30 35 41 53 56
30 35 57 59 66
30 36 37 49 59
30 36 38 41 65
30 36 39 44 48
30 36 40 46 51
30 36 47 50 64
30 36 56 58 68
30 37 45 54 57
30 38 51 59 63
30 39 43 46 67
30 39 53 62 63
30 40 48 50 67
30 40 56 60 63
30 42 49 51 60
30 42 53 54 65
30 43 48 53 69
30 44 52 61 65
30 45 48 51 64
30 46 49 56 57
30 47 52 60 66
30 48 49 58 62
30 49 50 53 55
30 54 58 60 69
31 32 38 41 53
31 32 39 54 59
31 32 44 65 66
31 32 46 47 52
31 33 34 39 68
31 33 35 60 62
31 33 36 49 53
31 33 37 51 63
31 33 46 56 59
31 33 54 58 67
31 34 40 48 53
31 34 45 49 55
31 34 47 54 64
31 35 48 49 63
31 35 50 56 57
31 36 41 68 69
31 36 43 54 57
31 36 52 63 67
31 37 38 48 58
31 37 45 53 56
31 37 46 64 68
31 38 44 54 68
31 39 40 64 70
31 39 47 49 60
31 40 51 59 66
31 41 44 49 70
31 42 48 64 66
31 42 55 60 67
31 43 45 61 64
31 44 57 60 63
31 48 52 59 60
31 49 51 65 69
31 50 59 68 70
31 51 52 58 61
31 53 54 61 62
31 53 55 58 69
32 33 34 48 59
32 33 35 41 49
32 33 46 57 65
32 33 50 56 63
32 34 35 40 58
32 35 45 46 68
32 36 37 42 63
32 36 46 59 61
32 36 53 57 67
32 36 58 65 70
32 37 46 55 60
32 37 51 54 67
32 38 48 60 65
32 38 58 67 68
32 39 43 49 53
32 39 44 56 64
32 40 41 42 64
32 40 44 48 61
32 40 52 54 68
32 41 43 60 66
32 41 52 55 63
32 41 62 67 69
32 42 48 58 69
32 42 49 57 62
32 42 50 61 65
32 45 53 54 63
32 51 61 64 69
32 55 64 65 68
33 34 45 51 67
33 34 54 62 63
33 35 36 54 56
33 35 40 51 70
33 35 42 45 58
33 36 37 48 50
33 36 38 62 64
33 36 41 59 67
33 36 47 55 68
33 37 41 61 69
33 37 42 52 57
33 38 39 41 50
33 38 42 43 54
33 38 44 47 59
33 38 48 53 56
33 38 51 65 68
33 39 44 53 69
33 39 47 48 70
33 39 58 62 66
33 40 44 55 65
33 40 50 53 60
33 40 58 64 68
33 41 52 66 70
33 42 49 50 64
33 44 46 64 67
33 44 49 52 54
33 46 51 54 69
33 54 59 61 64
33 57 60 67 68
34 36 38 43 47
34 36 39 59 60
34 36 40 42 68
34 36 49 56 69
34 36 55 58 61
34 37 38 60 63
34 37 41 56 66
34 37 47 48 49
34 37 51 52 65
34 37 53 59 68
34 39 41 45 52
34 39 46 48 50
34 39 47 55 57
34 40 41 49 65
34 40 43 51 54
34 40 52 57 60
34 41 44 59 63
34 41 50 61 64
34 41 57 58 62
34 42 44 57 67
34 43 59 62 66
34 45 53 64 69
34 46 49 52 70
34 46 54 55 66
34 47 50 62 68
34 47 61 63 65
34 51 57 66 69
34 52 53 56 67
35 37 54 68 70
35 37 57 62 63
35 38 39 68 69
35 38 46 57 58
35 39 41 47 61
35 39 51 52 67
35 39 60 66 70
35 41 43 67 68
35 42 46 51 61
35 42 47 65 67
35 42 50 55 69
35 42 56 59 63
35 43 45 51 56
35 43 57 61 70
35 44 47 49 69
35 44 48 54 59
35 45 50 62 64
35 46 47 63 70
35 55 56 60 61
36 37 39 45 62
36 37 43 56 61
36 37 47 58 67
36 37 51 53 64
36 38 50 54 69
36 39 41 56 57
36 39 42 49 52
36 39 47 66 69
36 39 54 63 65
36 40 48 55 59
36 41 46 47 60
36 41 52 53 61
36 42 55 56 64
36 43 44 51 59
36 43 53 58 60
36 43 66 68 70
36 45 48 54 68
36 45 51 60 66
36 46 50 62 67
36 48 63 64 70
36 49 60 61 70
36 61 65 66 67
37 38 39 40 59
37 38 44 45 69
37 39 43 58 64
37 39 46 49 65
37 39 51 57 60
37 40 50 54 55
37 41 48 53 57
37 42 45 59 60
37 42 65 66 69
37 43 44 54 62
37 46 63 67 69
37 47 50 52 56
37 48 52 55 61
37 48 60 66 68
37 50 59 63 65
37 59 62 69 70
38 39 45 48 57
38 39 54 58 61
38 40 44 57 70
38 41 45 58 70
38 41 51 57 67
38 42 45 61 68
38 42 46 60 62
38 42 57 64 69
38 43 49 61 63
38 43 58 66 69
38 43 62 65 70
38 45 47 60 67
38 45 52 54 55
38 45 56 65 66
38 46 50 56 61
38 46 53 55 64
38 47 51 66 70
38 49 56 62 68
38 50 52 53 68
39 41 51 62 64
39 42 44 55 62
39 42 50 56 70
39 44 45 50 61
39 46 57 63 68
39 48 49 54 64
39 48 59 65 68
39 50 51 59 69
39 51 53 55 70
39 53 57 61 65
40 41 45 55 67
40 42 50 58 62
40 42 57 63 66
40 44 47 62 64
40 44 52 53 66
40 45 52 59 63
40 46 47 58 65
41 42 52 58 68
41 43 46 54 59
41 44 45 57 68
41 48 49 55 66
41 50 51 56 58
41 53 65 66 68
43 47 56 62 69
43 49 51 64 67
43 53 57 62 68
43 54 56 60 67
44 50 54 57 65
45 46 49 53 60
45 49 59 61 67
45 55 62 63 68
46 48 51 53 59
47 48 53 63 68
49 52 56 59 65
50 55 59 60 64
 1 13 28 54 68
 1 16 18 42 70
 1 19 26 49 68
 1 20 46 62 64
 1 21 41 63 69
 1 22 39 63 64
 1 22 48 65 69
 1 23 29 49 66
 1 23 42 58 60
 1 23 48 59 67
 1 24 30 51 69
 1 24 42 59 61
 1 24 43 53 67
 1 25 36 51 67
 1 25 38 54 64
 1 25 49 63 70
 1 26 30 47 65
 1 31 52 69 70
 1 32 34 51 70
 1 32 46 48 66
 1 32 47 49 67
 1 33 50 65 69
 2 17 28 49 67
 2 17 31 45 68
 2 19 44 45 62
 2 21 48 49 68
 2 22 33 53 68
 2 22 45 63 65
 2 23 39 56 62
 2 23 45 67 70
 2 24 35 51 66
 2 26 34 54 67
 2 26 37 40 62
 2 28 50 64 69
 2 29 49 50 70
 2 31 43 62 67
 2 31 44 51 64
 3 18 29 46 69
 3 20 27 46 70
 3 23 30 51 67
 3 27 48 51 68
 3 29 47 54 70
 3 30 50 66 69
 4 20 29 52 69
 4 21 41 54 68
 4 23 41 56 64
 4 25 48 55 68
 4 26 43 56 66
 4 28 51 63 66
 5 15 32 57 70
 5 20 24 59 70
 5 20 28 50 62
 5 20 30 57 69
 5 21 26 58 59
 5 22 27 49 70
 5 24 45 51 68
 5 25 44 52 67
 5 26 29 50 65
 5 29 30 53 61
 5 32 39 55 66
 5 33 53 63 70
 5 35 38 63 64
 5 35 45 52 66
 6 15 32 56 69
 6 24 34 51 55
 6 24 47 57 66
 6 26 42 47 70
 6 26 45 51 59
 6 30 33 52 63
 6 34 36 67 70
 7 21 50 68 69
 7 25 36 54 70
 7 26 53 56 69
 7 31 33 66 69
 7 33 42 68 70
 8 23 34 61 62
 8 29 40 62 65
 8 30 58 64 70
 8 31 46 65 70
 9 32 52 62 65
10 16 39 59 64
10 24 29 64 67
10 31 52 56 66
10 32 49 59 70
11 22 32 63 70
11 26 38 52 65
11 26 57 60 62
11 27 30 59 70
11 38 39 53 67
12 23 31 57 69
12 32 40 47 70
12 33 57 64 70
12 37 38 47 68
12 38 39 42 66
13 30 35 64 69
13 34 43 55 68
15 19 27 63 68
16 27 50 56 68
16 33 49 58 70
17 18 23 66 69
17 18 30 63 67
17 20 25 60 65
17 34 51 58 63
18 30 61 64 66
18 31 43 58 68
18 32 53 56 66
18 34 37 42 61
19 21 26 56 67
19 27 32 56 60
19 29 39 51 65
19 37 41 43 51
19 47 54 57 62
20 21 24 62 69
20 21 48 57 61
20 37 42 54 56
20 40 51 57 65
20 46 50 63 66
21 26 34 66 68
21 32 42 46 67
21 48 55 64 69
22 40 49 52 64
22 45 51 57 70
23 35 40 49 61
23 45 50 55 57
24 35 54 58 62
24 37 44 51 56
24 40 53 59 64
25 38 55 59 65
25 40 60 64 69
25 42 47 53 60
25 46 53 58 62
26 35 36 48 66
26 36 52 57 58
26 37 47 53 66
26 43 48 57 65
26 51 57 64 68
27 41 50 60 63
27 49 61 62 69
28 37 47 51 62
28 39 48 55 63
28 49 59 64 66
28 51 58 60 68
29 33 58 61 63
29 38 55 62 69
29 39 49 55 56
29 39 50 52 66
29 40 53 58 70
30 37 38 64 65
30 37 41 46 62
30 41 59 61 68
30 47 56 59 64
31 47 55 59 61
32 33 45 62 70
32 34 37 62 64
32 36 45 50 52
32 44 52 58 59
32 45 47 55 56
32 49 57 58 66
33 43 45 49 69
33 45 48 60 65
33 53 55 59 62
34 38 44 46 51
34 40 52 61 69
34 41 60 64 67
34 42 43 48 52
34 45 46 56 58
34 48 56 60 70
35 38 40 54 56
35 44 50 60 67
35 44 65 68 70
35 47 56 58 68
35 48 55 58 65
35 53 58 59 64
36 38 42 53 59
36 43 60 63 69
36 51 56 60 65
36 52 54 64 69
37 40 45 58 66
37 40 49 53 67
37 44 46 57 61
37 44 54 63 66
37 47 58 60 70
37 52 53 54 60
38 41 52 60 69
38 42 44 58 65
38 42 50 63 67
39 40 43 48 56
39 42 43 47 59
39 49 50 63 68
39 49 54 67 70
39 56 58 61 69
40 41 42 59 69
40 41 46 67 70
40 42 47 51 53
40 47 54 60 61
41 42 44 60 61
41 42 50 54 62
41 45 54 58 65
41 47 57 65 69
41 47 58 63 64
41 56 61 62 63
42 44 45 46 63
42 44 45 53 70
42 46 48 54 70
42 49 53 58 61
42 49 54 55 68
42 51 54 59 66
42 55 58 66 70
43 54 55 57 64
43 55 56 58 63
44 47 48 50 66
44 49 51 62 63
44 55 59 66 67
44 56 57 66 69
45 49 54 62 66
46 47 57 59 67
46 48 61 64 65
46 49 58 59 63
46 50 60 65 68
47 53 54 67 69
51 54 56 63 70
 1  2 24 47 70
 1  3 25 43 69
 1  3 28 48 70
 1  4 27 43 68
 1  7 26 44 67
 1  9 30 48 68
 1 10 33 67 70
 1 12 23 52 68
 1 13 28 53 60
 1 14 20 51 61
 1 15 27 51 65
 1 16 21 60 62
 1 17 19 58 69
 1 19 22 40 61
 1 20 31 47 63
 1 20 40 44 68
 1 21 22 50 66
 1 21 23 43 64
 1 22 28 55 62
 1 23 25 56 61
 1 23 28 44 65
 1 23 39 45 69
 1 24 41 60 65
 1 24 54 63 69
 1 26 27 56 62
 1 26 38 58 60
 1 26 42 51 55
 1 27 30 60 64
 1 27 39 58 67
 1 27 45 61 63
 1 29 31 53 68
 1 29 34 52 58
 1 29 40 63 67
 1 30 35 45 70
 1 31 34 61 67
 1 32 43 63 65
 1 35 42 62 68
 1 36 37 55 57
 1 36 40 69 70
 2  5 27 44 66
 2 10 20 46 68
 2 11 28 54 66
 2 12 24 58 63
 2 15 22 47 67
 2 16 21 55 66
 2 16 30 51 65
 2 16 32 68 70
 2 16 34 53 69
 2 18 28 47 61
 2 20 23 47 64
 2 20 31 41 61
 2 21 24 46 60
 2 21 37 56 63
 2 22 34 60 61
 2 23 31 53 60
 2 24 38 43 68
 2 25 30 47 69
 2 26 27 65 70
 2 26 46 58 64
 2 27 35 60 69
 2 28 42 62 63
 2 29 30 55 64
 2 29 36 60 68
 2 30 44 49 67
 2 33 35 63 67
 2 34 35 56 64
 2 34 36 62 65
 2 41 48 63 65
 3  4 23 46 65
 3  6 18 43 63
 3  6 27 50 67
 3  7 22 41 61
 3  7 25 45 68
 3  7 26 50 70
 3  7 28 44 69
 3  8 24 49 68
 3 10 25 62 64
 3 11 30 60 68
 3 17 22 59 66
 3 17 29 43 62
 3 18 26 56 68
 3 19 38 41 63
 3 19 45 46 67
 3 20 28 43 67
 3 21 24 45 65
 3 21 42 47 62
 3 22 37 60 62
 3 24 44 50 62
 3 25 49 61 65
 3 26 45 60 61
 3 31 34 59 65
 3 38 46 66 68
 3 39 44 59 70
 4  5 25 51 70
 4  5 27 50 69
 4 13 29 62 66
 4 14 26 47 63
 4 15 22 62 68
 4 19 22 50 63
 4 20 29 51 67
 4 21 22 52 53
 4 21 26 64 70
 4 22 31 59 67
 4 24 31 56 69
 4 27 37 41 59
 4 28 31 60 70
 4 30 46 50 70
 4 32 33 60 61
 4 34 39 63 70
 4 34 39 65 69
 4 35 45 67 69
 5  6 23 41 69
 5  7 24 49 69
 5  9 29 46 66
 5 10 34 62 70
 5 11 20 53 58
 5 12 22 56 60
 5 17 30 55 70
 5 18 28 66 67
 5 19 27 51 53
 5 19 32 48 58
 5 19 33 61 67
 5 20 34 60 66
 5 20 41 42 63
 5 21 23 53 56
 5 22 34 52 63
 5 22 36 61 64
 5 22 37 53 69
 5 24 32 65 67
 5 25 31 56 58
 5 25 33 50 68
 5 25 33 57 62
 5 25 37 41 64
 5 27 37 62 67
 5 29 30 48 60
 5 30 34 49 64
 6  7 24 43 70
 6  9 29 56 67
 6  9 32 53 68
 6 10 27 58 69
 6 12 28 67 68
 6 16 30 55 69
 6 17 32 60 70
 6 25 34 57 65
 6 25 43 60 61
 6 26 31 54 65
 6 27 31 66 68
 6 27 33 55 64
 6 27 47 60 62
 6 30 40 65 70
 6 31 44 67 69
 6 36 44 61 68
 7 10 23 51 61
 7 11 29 57 66
 7 14 36 39 64
 7 19 28 48 57
 7 21 33 52 61
 7 21 41 51 70
 7 22 24 60 67
 7 23 26 55 65
 7 24 31 61 68
 7 27 29 51 64
 7 27 39 52 59
 7 29 44 58 62
 7 30 36 57 61
 8  9 23 52 70
 8  9 27 54 64
 8 12 30 49 63
 8 15 29 56 60
 8 17 22 67 70
 8 20 24 52 56
 8 20 25 45 59
 8 20 28 63 70
 8 21 25 57 58
 8 23 30 37 66
 8 28 30 60 67
 8 30 40 57 69
 8 37 39 52 63
 9 13 24 58 64
 9 21 31 51 56
 9 24 34 48 65
 9 25 48 54 62
 9 34 38 56 68
 9 35 41 69 70
10 14 24 59 68
10 15 23 47 66
10 16 44 54 58
10 21 28 59 65
10 21 30 56 70
10 21 34 67 69
10 22 27 65 66
10 22 29 59 61
10 32 39 51 68
11 14 22 55 58
11 17 29 61 65
11 22 38 47 69
11 30 51 56 61
11 33 43 61 68
12 13 24 56 70
12 15 33 44 66
12 16 23 61 62
12 18 35 50 65
12 18 51 68 69
12 19 34 69 70
12 19 41 52 56
12 20 21 64 68
12 31 33 43 48
12 32 49 54 69
12 40 46 54 57
13 24 38 40 69
13 31 53 63 66
13 38 43 57 59
13 39 52 57 70
14 17 24 66 70
14 18 50 64 67
14 19 56 61 66
14 20 39 57 62
14 24 45 53 55
14 27 50 53 65
14 29 46 51 57
14 35 54 55 60
15 18 35 53 70
15 21 23 58 65
15 27 46 55 69
15 28 37 43 68
15 32 41 48 68
15 33 47 53 61
16 19 57 60 69
16 23 38 44 48
16 26 35 38 49
16 28 42 46 47
16 34 54 61 68
17 18 43 49 56
17 19 21 60 68
17 28 50 56 60
17 30 33 50 54
17 40 43 52 58
18 20 45 61 69
18 28 44 48 52
18 32 45 57 64
18 35 41 47 48
18 40 46 52 68
19 23 26 62 66
19 40 44 55 69
19 44 48 56 68
19 47 59 63 66
20 26 44 51 52
20 33 36 61 69
20 45 52 53 65
21 29 35 61 64
21 31 50 62 63
21 32 38 52 64
21 36 46 64 66
21 41 45 57 60
22 25 57 64 66
22 41 43 52 57
26 42 52 56 61
27 30 50 58 59
27 36 42 47 48
27 41 44 46 56
27 48 52 54 66
27 48 55 57 70
28 36 57 62 64
28 38 48 54 67
28 45 61 65 68
28 46 54 56 62
28 51 55 56 69
29 34 50 54 67
29 37 43 65 67
29 45 47 48 59
29 45 50 56 59
29 46 48 55 67
29 49 57 59 60
30 38 55 57 60
30 42 56 67 69
30 52 55 62 66
31 34 35 42 53
31 36 57 66 70
31 39 42 46 69
31 40 55 56 68
31 41 46 49 50
31 44 49 56 61
31 47 48 51 57
32 33 54 55 58
32 43 52 67 70
32 50 51 62 66
33 37 43 50 70
33 43 46 51 62
33 44 48 51 58
33 46 51 52 55
33 47 50 51 61
33 51 60 63 64
33 53 56 64 65
33 57 59 68 69
33 61 62 65 66
34 39 40 64 66
34 46 52 59 64
35 36 44 46 53
35 52 59 61 62
36 37 48 51 69
37 39 40 61 68
38 40 60 65 67
38 44 56 62 67
38 46 47 49 55
38 47 57 61 62
38 50 51 52 57
39 43 52 55 69
40 48 60 62 69
41 48 56 58 59
41 53 59 60 70
42 43 50 66 68
42 45 51 62 69
42 47 49 56 66
42 51 58 64 67
42 57 60 65 70
43 45 47 54 68
43 47 49 53 65
45 46 55 68 70
45 48 53 66 67
46 56 65 69 70
47 48 61 68 69
47 50 55 63 67
48 52 62 64 67
49 52 66 67 69
50 54 56 64 66
 1  2 17 42 65
 1  2 29 51 69
 1  5 22 42 67
 1  6 26 41 66
 1  7 28 40 58
 1  7 34 65 66
 1  8 33 66 68
 1  9 16 63 69
 1 10 23 62 63
 1 10 30 58 66
 1 12 26 59 61
 1 12 28 56 64
 1 12 33 51 63
 1 13 18 61 65
 1 13 28 59 69
 1 13 32 44 62
 1 13 32 56 64
 1 14 17 41 64
 1 14 29 47 62
 1 14 30 59 63
 1 14 32 60 69
 1 15 19 45 62
 1 16 45 64 66
 1 17 24 50 68
 1 18 21 58 69
 1 20 31 48 55
 1 21 32 53 55
 1 21 44 49 59
 1 22 45 60 68
 1 24 31 58 66
 1 24 36 44 64
 1 25 34 55 60
 1 26 46 57 69
 1 27 35 55 59
 1 28 49 52 61
 1 29 46 56 61
 1 31 33 52 64
 1 34 53 63 64
 1 36 38 63 68
 2  3 24 48 64
 2  4 27 46 67
 2  5 26 44 68
 2  6 25 50 63
 2  6 29 65 66
 2  8 23 41 58
 2 10 26 57 63
 2 11 26 53 55
 2 12 26 56 69
 2 12 36 59 66
 2 13 33 59 65
 2 13 35 61 68
 2 15 22 41 64
 2 15 28 57 58
 2 17 28 44 70
 2 18 27 49 68
 2 19 22 49 56
 2 19 26 59 60
 2 20 22 48 69
 2 20 27 56 58
 2 21 42 45 64
 2 23 50 67 68
 2 24 35 52 65
 2 28 39 53 59
 2 29 47 56 63
 2 30 33 54 66
 2 32 45 66 69
 2 34 57 68 70
 2 40 47 60 68
 3  4 21 43 69
 3  5 25 43 66
 3  5 32 40 63
 3  6 27 42 65
 3  7 28 50 64
 3  8 32 64 67
 3  9 26 44 66
 3 10 19 36 60
 3 10 21 52 57
 3 10 25 47 67
 3 10 29 47 65
 3 11 28 46 62
 3 12 29 61 66
 3 12 31 60 68
 3 14 26 62 67
 3 15 19 42 66
 3 15 27 59 64
 3 19 33 50 59
 3 20 27 47 66
 3 21 30 54 61
 3 22 33 58 65
 3 23 27 43 61
 3 23 30 52 58
 3 23 42 47 69
 3 24 28 52 57
 3 24 37 53 61
 3 24 40 56 58
 3 25 37 54 58
 3 27 36 51 62
 3 27 39 44 63
 3 28 35 58 61
 3 29 39 57 67
 3 29 48 50 68
 3 32 56 58 62
 3 33 38 55 70
 3 35 40 65 66
 3 36 45 64 65
 4  5 22 47 65
 4  6 25 36 64
 4  6 25 49 59
 4  6 29 44 70
 4  6 38 66 67
 4  7 29 47 68
 4  8 24 61 64
 4  8 25 44 63
 4  9 22 57 60
 4  9 26 61 69
 4 10 26 59 67
 4 10 31 63 64
 4 11 33 64 69
 4 13 34 56 61
 4 14 22 42 70
 4 14 34 53 66
 4 16 25 58 67
 4 17 30 40 68
 4 18 26 45 58
 4 18 36 38 56
 4 19 27 36 61
 4 20 24 55 63
 4 20 41 43 65
 4 21 35 46 59
 4 23 28 61 69
 4 23 37 43 63
 4 26 29 48 54
 4 26 30 49 52
 4 30 48 59 69
 4 31 40 57 62
 4 35 38 62 65
 4 35 44 64 66
 4 36 39 67 68
 4 37 38 61 64
 5  6 28 54 64
 5  7 25 47 61
 5  7 28 46 59
 5  8 30 59 62
 5  9 27 61 65
 5 10 35 61 65
 5 11 20 48 68
 5 11 33 63 65
 5 12 28 37 70
 5 12 30 65 67
 5 13 29 52 55
 5 14 21 48 63
 5 16 23 64 68
 5 20 21 46 51
 5 22 27 54 55
 5 22 27 57 58
 5 22 40 43 70
 5 23 33 52 59
 5 24 42 56 60
 5 26 35 67 70
 5 30 39 54 68
 5 30 41 42 66
 5 31 37 61 66
 5 36 40 62 68
 6  8 24 48 59
 6 10 32 61 67
 6 11 29 55 59
 6 11 34 60 62
 6 12 23 35 70
 6 14 25 67 69
 6 15 31 62 70
 6 17 24 38 53
 6 18 20 37 62
 6 18 22 39 69
 6 18 25 55 70
 6 19 26 50 58
 6 22 30 46 68
 6 22 32 48 55
 6 23 28 56 57
 6 24 34 58 69
 6 26 28 35 69
 6 27 34 59 61
 6 28 33 53 66
 6 29 35 63 68
 6 31 35 55 64
 6 31 38 58 59
 7  8 25 60 69
 7  8 34 59 70
 7  9 29 55 63
 7  9 32 64 70
 7 10 23 58 64
 7 11 21 47 67
 7 11 24 54 59
 7 12 30 62 68
 7 12 33 47 58
 7 13 20 57 66
 7 14 22 68 69
 7 14 32 62 63
 7 15 32 59 67
 7 17 18 59 64
 7 17 37 56 57
 7 18 32 55 61
 7 19 20 54 55
 7 19 27 47 70
 7 19 30 49 65
 7 23 31 56 70
 7 25 33 51 65
 7 25 40 53 57
 7 26 33 53 54
 7 30 39 60 70
 7 31 37 62 65
 7 32 36 68 69
 7 33 38 57 63
 7 34 41 63 68
 8  9 21 38 62
 8  9 26 60 65
 8  9 34 57 63
 8 10 14 51 66
 8 11 23 65 68
 8 11 39 69 70
 8 12 33 65 67
 8 14 28 49 55
 8 14 31 60 64
 8 17 24 57 62
 8 17 41 53 69
 8 18 42 58 63
 8 19 20 61 65
 8 19 21 54 59
 8 20 22 49 58
 8 20 26 54 67
 8 24 36 41 55
 8 26 28 56 58
 8 28 31 57 68
 8 28 31 62 66
 8 29 30 52 54
 8 29 45 53 61
 8 34 35 60 68
 8 35 37 56 65
 9 10 27 67 68
 9 11 19 64 66
 9 11 21 53 58
 9 11 26 59 68
 9 11 34 40 67
 9 13 19 50 55
 9 13 29 60 65
 9 14 21 49 67
 9 15 18 54 67
 9 15 25 57 68
 9 16 19 52 62
 9 16 28 53 58
 9 19 20 63 69
 9 19 23 38 59
 9 19 46 53 57
 9 20 32 38 61
 9 20 36 44 70
 9 20 49 50 59
 9 21 22 61 70
 9 21 28 66 69
 9 21 36 54 56
 9 22 29 52 68
 9 22 39 56 67
 9 22 43 54 63
 9 23 29 64 69
 9 23 34 50 70
 9 23 46 55 58
 9 24 33 49 55
 9 24 39 61 70
 9 28 31 59 63
 9 31 38 60 69
 9 34 47 58 66
 9 37 40 63 69
10 11 37 66 70
10 12 41 64 70
10 13 25 68 70
10 14 37 60 67
10 17 20 57 66
10 17 36 43 48
10 18 19 62 70
10 18 38 60 68
10 20 24 49 51
10 20 26 53 70
10 23 25 49 69
10 25 32 59 63
10 29 41 50 69
10 30 41 57 67
10 33 39 46 66
10 35 39 63 69
10 35 46 48 60
10 38 39 50 62
11 12 17 45 68
11 16 37 42 50
11 17 27 50 64
11 18 29 62 64
11 19 22 52 67
11 19 44 58 65
11 22 34 50 65
11 24 33 46 70
11 32 35 53 62
11 36 55 56 67
12 18 47 52 55
12 21 45 49 55
12 23 26 43 58
12 23 36 47 65
12 24 44 54 60
12 25 41 57 63
12 26 36 53 68
12 27 29 68 70
12 28 35 52 63
12 34 50 51 59
12 40 42 52 67
13 15 23 42 70
13 15 27 43 60
13 15 36 43 49
13 16 27 44 69
13 19 45 47 65
13 20 23 62 68
13 21 37 69 70
13 24 49 52 63
13 25 26 51 66
13 28 33 48 64
13 32 39 60 63
13 33 36 60 70
14 17 27 45 49
14 18 37 46 56
14 28 34 43 45
14 30 35 47 52
14 30 41 43 58
14 30 43 49 66
14 33 40 51 69
14 43 50 56 69
15 16 32 39 65
15 23 35 57 67
15 26 41 61 65
15 29 45 49 64
15 33 36 46 48
16 18 25 60 66
16 18 26 63 65
16 19 25 61 64
16 19 25 63 70
16 21 31 57 67
16 27 41 48 60
16 31 40 49 69
16 32 57 61 66
16 39 49 59 62
16 40 45 53 62
16 40 48 50 52
16 45 46 50 54
17 19 26 40 63
17 19 30 62 64
17 23 35 46 64
17 23 49 51 57
17 27 54 69 70
17 35 55 66 68
18 20 33 59 70
18 20 34 64 68
18 22 35 42 51
18 23 27 40 60
18 31 36 42 65
18 32 34 44 62
18 37 49 57 58
19 29 31 37 69
19 34 37 43 46
19 42 50 53 57
20 25 33 39 67
20 36 49 60 62
20 53 56 57 59
22 38 48 52 70
22 39 42 54 57
23 44 47 56 60
23 47 51 69 70
24 47 50 59 60
25 29 38 41 68
25 32 42 43 55
25 32 44 46 51
26 36 46 49 54
26 39 41 46 53
26 42 43 45 67
26 52 54 56 57
27 28 46 52 60
28 35 43 48 50
28 45 47 57 63
30 42 48 54 63
30 44 51 53 68
30 46 53 59 65
31 39 47 53 64
31 43 44 52 60
32 41 44 54 64
32 58 63 64 69
33 36 44 50 57
34 38 49 50 53
34 39 52 53 58
34 41 55 59 69
34 48 58 67 68
35 36 45 47 61
35 36 51 55 63
35 49 52 58 67
37 39 41 50 67
37 44 50 53 58
37 45 49 50 51
37 45 52 61 70
37 47 64 65 70
37 51 56 59 67
39 40 52 62 65
39 40 55 58 60
40 42 48 56 57
40 43 46 55 63
40 43 51 61 67
40 45 48 63 70
41 45 58 63 67
41 50 62 65 70
42 44 52 64 70
42 52 53 55 63
43 45 50 57 58
43 47 52 63 64
44 54 61 65 69
45 56 57 64 67
46 51 52 58 70
48 53 54 61 70
50 57 61 69 70
 1  7 20 58 70
 1  9 25 29 59
 1 10 19 30 55
 1 11 20 39 60
 1 11 28 51 67
 1 12 27 53 57
 1 12 29 38 65
 1 12 43 54 70
 1 13 14 29 70
 1 14 25 47 66
 1 15 21 38 61
 1 15 23 46 63
 1 15 30 40 64
 1 17 38 46 70
 1 18 22 53 66
 1 19 30 53 67
 1 19 31 49 54
 1 20 30 43 61
 1 22 33 51 59
 1 24 36 56 59
 1 25 28 42 58
 1 26 42 63 64
 1 28 43 44 66
 1 31 50 51 67
 1 32 39 59 61
 1 35 37 58 69
 1 36 37 62 66
 2  3 11 35 70
 2  4 36 37 70
 2  5 11 32 64
 2  5 14 38 65
 2  6  8 13 67
 2  6 13 33 69
 2  6 25 37 68
 2  7 22 51 62
 2  9 17 41 67
 2  9 28 48 60
 2 10 11 25 61
 2 11 15 21 62
 2 12 21 44 65
 2 12 24 25 62
 2 13 17 36 63
 2 13 23 49 66
 2 14 15 38 69
 2 14 27 59 63
 2 15 25 50 66
 2 18 23 31 63
 2 18 24 46 69
 2 18 43 51 70
 2 19 22 35 57
 2 20 32 54 55
 2 21 24 53 67
 2 22 25 55 65
 2 22 40 47 66
 2 23 31 43 65
 2 23 42 57 59
 2 25 35 59 60
 2 25 44 48 53
 2 28 45 52 56
 2 29 46 59 62
 2 30 39 64 68
 2 32 42 51 68
 2 39 61 63 67
 3  6 32 34 66
 3  7 24 37 66
 3  7 28 32 65
 3  8 12 21 70
 3  9 14 16 70
 3  9 29 49 58
 3  9 30 57 64
 3 10 16 56 69
 3 12 13 41 62
 3 12 29 63 64
 3 13 17 68 69
 3 13 24 31 67
 3 13 32 55 57
 3 14 27 57 60
 3 14 36 38 61
 3 15 22 28 54
 3 20 27 53 69
 3 22 23 48 60
 3 25 26 53 63
 3 26 49 55 70
 3 27 41 49 67
 3 39 46 58 61
 3 42 47 64 68
 4  5 23 44 67
 4  7 15 36 66
 4  7 24 26 62
 4  7 40 67 69
 4  8 14 24 65
 4  8 14 26 68
 4  8 27 66 69
 4 10 23 34 60
 4 10 24 45 66
 4 10 32 56 65
 4 10 33 62 68
 4 11 27 49 70
 4 11 28 32 58
 4 13 24 51 54
 4 15 19 51 69
 4 17 25 46 47
 4 18 26 57 60
 4 23 27 47 57
 4 23 28 54 55
 4 24 32 57 59
 4 25 27 32 54
 4 25 43 44 65
 4 27 39 51 56
 4 32 44 52 69
 5  6 16 27 63
 5  6 38 68 70
 5  7 13 37 68
 5  7 28 43 60
 5  8 12 14 69
 5  9 24 29 62
 5  9 27 32 59
 5 10 31 51 69
 5 11 29 45 67
 5 12 28 53 61
 5 13 22 38 66
 5 13 34 41 67
 5 14 27 56 64
 5 15 26 31 64
 5 15 26 48 55
 5 18 29 48 70
 5 19 34 49 57
 5 20 35 45 54
 5 21 29 54 66
 5 22 36 59 70
 5 23 32 51 63
 5 24 26 52 61
 5 24 35 47 55
 5 24 46 48 67
 5 25 38 48 69
 5 26 35 56 62
 5 27 34 45 68
 5 28 45 50 65
 5 29 36 58 63
 5 39 42 61 64
 5 39 51 65 67
 6  7 28 61 62
 6  8 16 31 61
 6  9 33 58 70
 6 10 20 48 65
 6 11 12 37 63
 6 12 21 30 60
 6 12 36 59 69
 6 13 30 56 66
 6 14 20 26 60
 6 14 38 45 64
 6 15 44 64 68
 6 16 17 18 54
 6 16 23 53 68
 6 17 22 40 64
 6 18 21 47 59
 6 19 29 57 61
 6 19 35 38 60
 6 20 46 49 64
 6 21 24 50 64
 6 22 25 45 56
 6 22 27 49 51
 6 22 28 50 63
 6 23 52 55 67
 6 26 34 46 52
 6 26 39 40 68
 6 29 30 39 58
 6 30 32 50 57
 6 30 54 62 67
 6 33 40 56 67
 6 33 42 60 63
 7  8 32 58 60
 7 10 35 58 70
 7 11 28 35 68
 7 12 27 39 69
 7 13 21 36 65
 7 13 42 62 64
 7 14 20 23 67
 7 15 21 54 63
 7 15 29 38 70
 7 15 37 55 69
 7 16 25 36 59
 7 16 26 58 61
 7 18 19 56 68
 7 19 30 53 66
 7 20 30 52 64
 7 21 33 46 50
 7 24 38 42 55
 7 25 37 52 58
 7 26 35 41 52
 7 28 33 49 56
 7 28 36 39 53
 7 29 37 50 61
 8  9 10 36 69
 8 10 21 22 60
 8 10 36 59 64
 8 11 25 55 62
 8 12 13 32 66
 8 13 25 47 52
 8 14 25 61 70
 8 15 43 63 67
 8 18 33 54 57
 8 19 32 46 56
 8 20 22 48 53
 8 20 33 47 62
 8 22 23 57 63
 8 23 40 51 64
 8 24 25 48 66
 8 26 27 50 62
 8 29 41 57 70
 8 33 34 50 66
 8 33 42 61 70
 8 43 51 65 68
 9 11 26 28 70
 9 12 19 39 68
 9 12 31 66 67
 9 13 17 53 58
 9 13 23 54 61
 9 13 37 57 66
 9 14 21 48 57
 9 14 31 42 68
 9 15 23 33 60
 9 16 17 43 51
 9 17 19 56 70
 9 18 42 62 66
 9 20 30 51 55
 9 20 36 64 67
 9 22 41 44 65
 9 26 35 50 61
 9 29 31 61 70
 9 30 34 45 59
 9 30 38 58 70
 9 34 55 62 64
 9 38 47 51 64
10 11 30 45 65
10 12 23 55 67
10 13 25 53 65
10 17 35 59 67
10 18 40 54 59
10 19 30 52 69
10 21 36 50 55
10 22 28 64 68
10 22 39 45 67
10 23 36 39 70
10 23 38 53 65
10 26 29 51 58
10 33 34 47 52
10 35 47 50 54
11 12 15 25 69
11 14 15 38 68
11 14 24 52 63
11 15 27 66 67
11 16 26 31 66
11 17 23 37 67
11 17 25 29 63
11 18 30 39 50
11 18 31 55 69
11 20 24 41 57
11 23 24 26 69
11 23 29 60 70
11 23 35 54 66
11 28 40 50 59
11 32 41 59 65
11 47 48 60 64
12 13 21 51 52
12 14 32 65 68
12 15 21 25 67
12 15 22 59 70
12 16 26 28 60
12 17 24 55 61
12 18 31 38 64
12 19 25 28 66
12 21 29 48 53
12 31 32 46 58
12 32 47 48 62
12 34 42 46 60
12 36 38 67 70
13 15 27 50 61
13 16 18 51 64
13 17 23 30 59
13 18 28 33 63
13 19 22 28 70
13 19 24 39 64
13 21 33 38 67
13 22 26 56 69
13 24 33 56 68
14 15 18 49 61
14 15 29 52 65
14 17 23 54 62
14 17 34 40 55
14 20 21 52 66
14 20 29 43 55
14 24 40 54 70
14 28 36 41 63
14 31 35 39 43
14 33 42 48 67
14 37 38 43 67
14 37 44 45 47
15 20 28 39 64
15 20 34 35 41
15 20 44 53 62
15 22 36 48 65
15 22 37 40 60
15 23 25 64 70
15 26 42 46 59
15 32 54 57 60
15 33 35 42 52
15 34 51 60 62
15 35 49 56 66
15 40 42 55 61
15 40 50 56 62
15 44 45 49 65
16 17 40 42 70
16 19 24 43 66
16 19 47 51 60
16 21 37 41 65
16 24 28 44 67
16 28 52 64 65
16 30 34 37 40
16 31 35 41 45
16 32 43 51 59
17 20 37 48 63
17 22 25 53 61
17 26 27 38 66
17 26 43 47 50
17 27 42 43 60
17 31 33 37 45
17 35 44 51 57
17 39 40 47 48
18 21 25 64 65
18 22 23 59 62
18 24 41 43 64
18 25 26 27 67
18 26 33 41 51
18 30 32 40 65
19 21 23 24 70
19 23 32 42 64
19 27 32 65 67
19 29 33 55 70
19 30 36 43 45
19 36 37 40 54
20 22 29 57 66
20 22 31 67 68
20 23 31 54 69
20 25 30 31 66
20 34 42 44 55
20 38 40 45 49
20 39 47 51 54
20 54 57 66 67
21 23 29 45 62
21 24 25 27 68
21 29 40 41 44
21 31 34 54 70
21 39 52 54 60
22 24 25 27 69
22 37 43 49 55
22 41 51 53 54
23 38 39 46 51
23 41 43 44 53
24 37 40 44 67
24 38 39 41 49
24 43 45 59 69
25 37 39 47 63
25 40 44 49 58
26 29 39 64 69
26 47 55 60 69
27 30 43 56 62
27 44 45 54 67
27 46 47 61 64
27 58 59 66 68
28 33 34 40 47
28 41 53 58 62
30 33 49 51 68
30 42 46 52 68
30 47 49 61 70
31 37 45 55 65
31 40 41 51 60
31 41 42 56 65
32 34 42 45 47
32 35 36 38 57
33 35 37 39 64
33 39 43 54 66
33 43 45 52 68
34 36 40 45 56
34 38 54 60 65
35 38 44 48 55
35 41 53 55 65
36 49 54 55 60
36 50 53 66 70
37 38 47 54 57
38 46 52 54 63
38 52 56 59 70
38 53 56 60 62
39 44 60 62 70
40 41 49 54 57
40 41 51 52 68
40 44 46 60 66
40 44 57 59 64
40 49 61 63 66
41 48 49 56 69
41 51 55 61 66
44 49 52 60 68
44 51 67 68 70
44 54 56 59 68
45 55 59 64 68
45 56 60 68 69
46 50 53 59 67
47 52 57 59 65
48 58 59 61 70
49 58 60 65 69
50 58 60 63 70
51 53 58 65 66
53 56 61 67 68
57 63 65 67 70
 1  5 20 42 69
 1  5 25 46 65
 1  6 21 48 51
 1  7 21 47 64
 1  9 19 31 65
 1  9 21 45 52
 1 10 32 37 68
 1 11 35 63 65
 1 13 15 66 67
 1 16 24 30 62
 1 16 33 48 69
 1 17 20 47 59
 1 18 22 44 57
 1 19 26 43 48
 1 21 33 56 58
 1 23 24 53 55
 1 26 39 45 70
 1 27 34 44 69
 1 29 36 60 64
 1 31 38 62 66
 1 36 46 51 68
 1 38 41 59 61
 1 39 55 62 67
 2  4 12 27 64
 2  4 29 49 61
 2  5 16 45 70
 2  8 39 42 65
 2 10 31 49 59
 2 12 34 55 68
 2 13 24 44 61
 2 14 16 29 67
 2 14 38 58 62
 2 15 40 63 68
 2 16 37 60 64
 2 17 22 31 58
 2 19 35 49 62
 2 21 31 36 69
 2 24 31 42 47
 2 25 30 52 70
 2 25 42 49 67
 2 26 43 48 51
 2 27 33 48 52
 2 31 32 52 56
 2 31 36 55 57
 2 33 57 58 60
 2 40 45 59 65
 3  4 22 43 64
 3  4 23 49 53
 3  4 27 52 55
 3  5 28 30 63
 3  5 35 40 60
 3  6 32 49 68
 3  7 20 41 69
 3  7 28 45 70
 3  7 29 52 59
 3  7 35 36 67
 3 10 20 50 52
 3 11 13 34 59
 3 13 23 35 63
 3 14 32 46 70
 3 15 20 34 70
 3 15 30 37 65
 3 17 26 59 65
 3 18 22 46 63
 3 19 22 35 59
 3 19 39 48 66
 3 20 22 44 45
 3 20 38 39 65
 3 21 22 42 50
 3 22 28 36 49
 3 24 43 54 55
 3 25 31 57 59
 3 29 31 56 60
 3 30 44 54 70
 3 36 42 54 58
 3 41 49 64 68
 4  5 23 35 58
 4  5 24 50 63
 4  6 21 40 58
 4  8 29 58 59
 4  9 26 51 62
 4  9 28 32 67
 4 10 15 29 63
 4 11 13 31 68
 4 11 27 53 62
 4 12 21 31 61
 4 12 38 45 63
 4 13 19 49 59
 4 14 22 48 56
 4 14 30 61 67
 4 15 24 48 70
 4 17 34 50 52
 4 18 31 51 53
 4 20 25 46 61
 4 21 30 35 63
 4 23 30 42 45
 4 25 29 56 66
 4 25 44 45 68
 4 26 36 50 65
 4 28 29 53 64
 4 30 34 51 58
 4 31 36 50 58
 4 31 37 39 54
 4 39 40 53 63
 5  6 34 43 56
 5  8 33 55 60
 5 10 25 26 54
 5 11 14 31 57
 5 11 29 42 68
 5 12 32 50 61
 5 14 24 57 58
 5 14 28 54 69
 5 15 29 35 69
 5 17 23 45 61
 5 18 28 55 58
 5 20 26 44 63
 5 21 26 47 69
 5 21 27 31 60
 5 21 31 52 53
 5 21 41 68 70
 5 24 32 44 53
 5 31 44 47 55
 5 32 43 62 68
 6  7 25 34 48
 6  8 11 34 64
 6 10 20 32 62
 6 11 24 33 61
 6 12 15 24 65
 6 12 18 53 57
 6 12 23 42 54
 6 12 42 47 69
 6 14 29 49 69
 6 16 23 65 66
 6 17 23 47 63
 6 18 24 49 67
 6 19 38 47 65
 6 21 36 42 66
 6 22 26 53 58
 6 23 27 28 70
 6 23 37 46 59
 6 26 28 48 49
 6 26 57 62 67
 6 27 31 48 56
 7  9 27 57 63
 7  9 36 58 62
 7  9 37 40 70
 7 10 15 24 56
 7 11 13 40 61
 7 13 26 48 63
 7 14 38 52 66
 7 16 30 41 51
 7 17 26 30 69
 7 17 28 31 63
 7 18 28 37 54
 7 18 32 48 49
 7 19 24 51 57
 7 22 24 48 63
 7 22 38 60 65
 7 23 25 50 60
 7 23 31 49 64
 7 25 34 35 62
 7 28 31 47 55
 7 29 43 54 60
 7 33 59 60 66
 7 37 63 67 68
 8  9 16 21 68
 8  9 28 52 61
 8 12 25 38 60
 8 12 27 55 63
 8 12 33 39 58
 8 14 16 50 57
 8 15 25 46 53
 8 16 27 37 70
 8 17 18 38 52
 8 17 28 50 65
 8 19 24 63 67
 8 19 26 31 53
 8 21 39 55 59
 8 22 30 50 56
 8 22 32 50 62
 8 26 29 42 66
 8 27 31 42 67
 8 29 34 44 48
 8 35 44 58 63
 9 11 32 57 69
 9 11 36 47 68
 9 14 22 31 62
 9 17 18 36 60
 9 17 41 50 59
 9 23 33 39 57
 9 26 27 49 52
 9 35 39 62 69
 9 35 46 56 68
10 13 16 62 63
10 13 25 50 64
10 14 31 44 70
10 14 37 49 63
10 17 21 56 64
10 18 24 48 53
10 19 31 34 58
10 22 32 54 69
10 23 27 36 59
10 23 34 38 66
10 24 26 60 66
10 25 34 55 61
10 27 31 55 61
10 27 42 46 57
10 29 41 60 62
10 30 34 65 68
10 33 37 42 65
10 35 38 43 64
10 36 42 43 70
10 38 40 57 58
10 39 48 54 69
10 42 47 52 61
11 12 19 48 61
11 12 22 38 57
11 12 34 41 66
11 17 21 57 66
11 18 22 48 65
11 19 32 46 49
11 21 31 44 62
11 22 37 62 64
11 23 41 50 55
11 25 39 41 54
11 26 34 37 69
11 40 51 58 62
12 15 20 52 63
12 18 25 58 68
12 19 20 56 59
12 19 26 65 70
12 23 45 48 64
12 25 27 35 65
12 27 30 40 59
12 27 35 56 60
12 36 51 54 61
12 38 43 44 56
13 14 35 43 62
13 15 20 31 60
13 16 22 39 58
13 17 41 45 48
13 19 21 58 66
13 20 29 44 64
13 21 46 47 49
13 22 31 46 67
13 28 33 51 58
13 34 46 63 65
13 35 46 50 70
13 40 41 43 66
13 41 50 54 68
13 42 45 48 55
14 16 20 49 53
14 18 19 40 57
14 19 42 47 69
14 22 28 61 64
14 27 32 33 68
14 27 39 48 66
14 28 44 59 62
14 30 39 55 65
14 35 42 60 64
14 37 49 52 62
15 16 18 26 50
15 16 39 44 46
15 17 40 48 66
15 18 49 55 63
15 20 35 39 40
15 21 42 44 54
15 23 26 54 68
15 29 50 55 58
15 31 34 45 66
15 31 35 61 65
16 17 18 61 68
16 17 32 55 62
16 18 26 36 59
16 20 25 42 54
16 21 23 59 69
16 21 36 38 39
16 24 29 37 63
16 25 37 56 57
16 27 28 43 49
16 30 48 54 56
16 31 42 61 63
17 18 20 65 70
17 19 21 29 67
17 25 28 68 69
17 25 35 49 70
17 28 29 61 66
17 29 34 38 69
17 30 48 52 57
17 31 43 46 48
18 19 36 41 62
18 23 24 57 65
18 23 29 32 67
18 29 33 45 49
18 31 45 54 60
19 20 22 62 64
19 23 42 55 56
19 24 25 60 61
19 25 41 53 67
19 32 37 48 53
19 32 38 42 70
19 33 35 45 46
20 21 32 58 70
20 22 26 61 70
22 23 24 32 66
22 23 24 39 68
22 24 26 39 59
22 25 29 30 67
22 33 34 41 56
23 24 34 36 44
23 32 39 45 60
23 45 49 52 57
24 25 29 45 70
24 27 35 36 37
24 27 41 45 64
24 28 38 45 46
24 45 48 56 61
24 46 47 53 56
24 48 54 57 68
25 36 39 49 50
27 28 34 36 51
27 30 44 58 61
27 50 54 61 63
28 39 42 43 51
29 30 44 46 50
29 32 38 43 46
29 32 47 51 65
29 37 42 48 62
29 38 44 63 69
29 48 51 63 65
31 37 42 50 64
32 33 37 44 45
32 33 47 56 57
32 35 39 48 57
32 40 43 53 59
33 41 42 43 53
33 48 50 55 62
34 35 40 47 59
34 36 41 48 54
34 37 55 62 70
34 42 47 54 56
34 44 49 51 66
35 37 40 41 42
35 43 53 55 60
35 51 52 54 69
36 44 47 52 62
36 46 48 56 62
36 46 53 63 69
36 52 59 60 63
37 39 56 60 66
37 43 56 57 69
39 46 47 58 62
39 49 57 58 68
41 43 48 56 67
41 46 52 64 66
41 55 57 58 64
43 46 54 61 67
43 47 59 63 70
43 51 59 64 65
44 48 61 62 64
45 50 60 61 66
45 51 59 61 62
46 49 51 60 61
46 49 62 66 70
47 58 61 64 66
48 52 56 58 63
48 52 65 66 70
49 50 57 63 69
62 63 66 68 69
 1  2 22 23 54
 1  4 16 34 68
 1  4 32 50 70
 1  6 19 32 52
 1  6 37 60 65
 1  7 27 33 62
 1  8 17 18 51
 1  8 20 23 50
 1 10 37 59 61
 1 11 12 56 67
 1 11 28 57 61
 1 12 13 34 57
 1 14 25 62 68
 1 15 26 43 62
 1 18 32 43 47
 1 19 23 40 60
 1 21 22 46 70
 1 24 27 57 70
 1 27 28 32 63
 2  3  4 28 68
 2  3 30 56 62
 2  3 32 35 53
 2  7 27 45 54
 2  7 42 69 70
 2  9 11 38 63
 2 12 17 27 62
 2 13 31 38 70
 2 13 42 47 60
 2 14 18 44 64
 2 14 21 24 59
 2 14 36 56 66
 2 15 37 58 61
 2 17 33 44 69
 2 19 21 40 51
 2 21 25 26 61
 2 21 36 52 58
 2 21 37 43 66
 2 23 38 61 64
 2 24 30 38 54
 2 25 34 40 64
 2 35 43 54 58
 2 41 51 57 59
 2 42 43 61 69
 3  4 11 24 60
 3  4 25 50 52
 3  5  8 33 69
 3  5 16 38 67
 3  5 32 60 69
 3  6 19 44 46
 3  6 28 51 60
 3  6 37 45 69
 3  8 20 35 55
 3  8 28 53 59
 3  9 10 30 53
 3 11 17 33 53
 3 11 26 47 58
 3 13 36 53 55
 3 14 19 20 58
 3 15 23 50 62
 3 16 22 28 66
 3 21 27 40 64
 3 21 27 53 54
 3 31 55 63 66
 3 38 45 57 62
 4  7 24 27 58
 4  8 26 38 70
 4  8 33 36 63
 4  9 24 47 69
 4 10 22 32 55
 4 11 18 32 66
 4 11 22 23 51
 4 15 16 48 59
 4 15 36 55 69
 4 17 20 58 60
 4 18 21 44 52
 4 18 26 46 64
 4 18 29 38 55
 4 21 27 29 65
 4 21 30 62 66
 4 27 38 39 60
 4 28 41 49 59
 4 28 42 45 65
 4 30 34 55 64
 4 31 41 49 62
 4 34 59 65 67
 5  6 25 34 53
 5  7 21 26 49
 5  7 23 26 46
 5  7 26 51 57
 5  7 34 58 69
 5  8 23 55 66
 5  8 39 62 70
 5  9 16 36 57
 5  9 25 37 60
 5  9 28 56 68
 5 10 18 50 61
 5 11 33 46 47
 5 12 18 54 60
 5 14 22 45 50
 5 15 33 54 66
 5 18 19 34 66
 5 18 28 52 62
 5 19 20 61 68
 5 19 24 27 62
 5 20 31 65 70
 5 22 35 49 68
 5 23 27 48 58
 5 23 30 50 61
 5 24 25 49 64
 5 31 52 63 68
 5 33 36 49 65
 5 38 40 57 61
 6  7 22 24 52
 6  8 15 59 68
 6  8 35 45 67
 6  9 10 25 66
 6  9 21 28 55
 6 11 27 34 63
 6 11 29 30 53
 6 13 23 29 51
 6 14 25 52 58
 6 15 24 51 54
 6 15 34 39 52
 6 17 20 45 56
 6 20 31 50 57
 6 21 25 32 54
 6 25 30 45 51
 6 27 46 52 53
 6 32 40 46 64
 6 33 34 57 61
 6 35 41 63 66
 6 43 50 66 67
 7  9 11 28 65
 7  9 22 23 53
 7  9 25 39 63
 7 10 28 32 66
 7 13 23 42 57
 7 14 18 53 69
 7 14 23 25 55
 7 16 38 46 69
 7 17 23 44 52
 7 17 26 56 60
 7 19 33 50 67
 7 21 22 45 69
 7 21 28 51 67
 7 22 27 50 55
 7 25 27 48 56
 7 29 36 42 61
 7 30 43 55 63
 7 31 41 52 67
 7 33 34 64 70
 7 35 37 55 61
 7 43 54 62 65
 8 10 35 36 66
 8 11 32 42 68
 8 13 18 45 56
 8 13 25 51 69
 8 17 36 55 65
 8 17 42 58 59
 8 17 56 57 68
 8 19 26 28 64
 8 21 32 49 65
 8 22 25 65 68
 8 22 35 52 54
 8 23 37 42 49
 8 23 40 53 54
 8 25 33 45 64
 8 26 37 39 57
 8 28 34 62 69
 8 29 34 36 67
 8 35 43 44 57
 8 43 44 55 70
 9 10 21 33 63
 9 11 14 24 56
 9 11 24 51 67
 9 12 17 22 66
 9 12 27 58 69
 9 14 17 21 65
 9 15 33 64 68
 9 16 33 40 66
 9 19 37 58 67
 9 22 29 51 70
 9 23 36 49 63
 9 25 26 48 70
 9 32 40 55 57
 9 34 43 58 60
10 13 38 45 69
10 15 32 53 58
10 15 36 67 68
10 16 28 62 70
10 20 22 56 63
10 20 39 41 55
10 23 28 54 57
10 27 40 51 63
10 27 42 53 56
10 44 46 65 67
11 12 19 44 64
11 12 29 43 58
11 13 16 65 69
11 13 20 32 67
11 13 41 60 70
11 14 19 53 59
11 16 21 28 56
11 16 36 53 62
11 19 26 36 50
11 21 32 50 60
11 22 41 49 61
11 25 31 56 64
11 27 30 37 52
11 30 31 43 49
11 44 47 51 67
12 14 21 61 63
12 15 20 57 61
12 15 23 53 56
12 16 26 43 63
12 18 30 44 70
12 19 21 39 50
12 20 31 51 62
12 24 41 47 68
12 29 33 59 60
12 29 39 41 65
12 35 45 46 49
13 15 39 56 59
13 18 27 41 52
13 18 43 55 67
13 21 26 28 68
13 24 30 32 68
13 39 44 47 50
13 46 55 57 61
13 48 64 66 68
14 16 17 49 54
14 16 26 44 55
14 19 39 54 56
14 20 31 47 56
14 26 32 41 58
14 26 44 51 65
14 34 37 48 65
14 34 38 53 61
14 35 58 61 67
14 43 59 60 61
15 16 23 43 70
15 16 24 28 69
15 17 22 49 55
15 17 24 58 67
15 19 22 23 69
15 21 45 50 68
15 26 36 38 51
15 28 33 44 63
15 29 43 47 48
15 38 39 50 58
16 17 20 27 67
16 19 20 45 51
16 19 27 46 65
16 19 29 52 54
16 21 28 31 64
16 30 31 39 41
16 36 37 41 44
16 44 47 60 63
17 18 29 35 40
17 19 28 54 65
17 21 32 47 63
17 23 33 67 70
17 24 36 39 69
17 26 43 53 61
17 42 50 59 62
18 19 30 54 63
18 21 42 48 57
18 21 58 62 67
18 25 36 37 66
18 27 34 65 70
18 28 30 32 46
18 33 39 45 55
19 21 28 33 62
19 29 40 42 45
19 32 37 59 66
20 21 28 53 60
20 21 36 40 65
20 23 33 49 56
20 25 32 39 69
20 27 29 63 68
20 29 35 38 62
20 30 34 38 47
20 30 37 53 60
21 26 39 48 52
21 30 37 38 67
21 30 43 59 68
21 36 41 45 47
21 37 53 62 64
22 34 39 43 49
23 26 36 40 67
23 28 50 52 66
23 32 35 47 55
23 36 48 57 61
23 40 48 54 65
24 42 46 50 58
25 38 53 54 66
26 32 44 50 59
26 37 45 56 63
26 47 62 63 65
27 30 38 42 68
27 37 40 49 56
28 34 46 52 67
28 37 41 46 70
28 45 57 58 69
30 33 42 43 44
30 38 49 62 65
30 42 55 57 63
30 47 53 57 70
31 32 38 49 50
31 40 60 61 64
31 46 48 50 57
32 35 56 64 70
32 42 43 45 49
32 49 53 57 61
35 38 49 50 52
35 48 49 62 67
36 39 44 58 65
36 45 49 67 68
36 48 49 58 60
37 47 50 60 69
38 40 44 50 68
38 41 52 54 59
38 51 53 56 57
42 51 52 53 62
42 52 55 60 65
44 49 53 63 64
46 53 54 60 69
46 55 59 60 68
48 50 51 52 53
48 54 62 68 70
48 57 65 66 67
49 53 55 68 69
52 61 66 67 68
54 55 61 65 67
 1  2 20 42 66
 1  3 22 26 52
 1  3 24 25 46
 1  4 22 43 58
 1  6 33 34 54
 1  7 19 44 47
 1  7 39 47 68
 1  9 34 44 61
 1 12 33 49 69
 1 16 19 67 68
 1 16 20 49 52
 1 16 22 41 62
 1 19 25 55 57
 1 25 33 41 48
 1 34 37 66 67
 1 36 37 58 68
 2  5  6 22 44
 2  7 26 31 66
 2  9 41 51 63
 2 10 26 49 50
 2 10 37 41 69
 2 14 15 33 70
 2 14 31 32 67
 2 19 20 39 52
 3  5 10 22 51
 3  7 15 18 60
 3  8  9 25 56
 3  8 13 33 62
 3 10 33 56 61
 3 10 35 40 68
 3 10 42 63 67
 3 11 13 26 64
 3 15 18 31 69
 3 18 22 28 47
 3 19 21 34 55
 3 21 37 49 54
 3 23 26 41 54
 3 37 63 64 66
 3 50 52 64 70
 4  5 40 50 70
 4  8 28 38 58
 4  9 12 35 57
 4  9 17 24 52
 4 12 41 53 67
 4 16 26 39 61
 4 16 26 55 68
 4 17 27 37 54
 4 19 23 33 48
 4 21 44 53 56
 4 25 37 51 60
 4 27 33 51 59
 4 45 46 62 68
 5  7 27 46 70
 5  7 30 32 56
 5  9 31 53 59
 5 10 11 34 59
 5 10 13 32 52
 5 10 18 33 58
 5 11 29 57 69
 5 13 37 56 58
 5 14 25 40 67
 5 18 23 43 64
 5 20 36 55 56
 5 24 26 45 54
 5 29 34 51 56
 5 35 39 50 59
 6  7 11 44 60
 6  8 26 32 63
 6  9 13 45 70
 6  9 18 43 68
 6 14 29 40 62
 6 15 19 57 61
 6 17 18 39 66
 6 20 46 48 69
 6 24 36 60 62
 7  8 19 41 57
 7  9 20 40 59
 7  9 38 59 67
 7 10 17 24 65
 7 11 33 35 66
 7 12 28 36 52
 7 14 22 30 64
 7 34 35 57 64
 7 40 64 68 69
 8  9 30 33 65
 8 10 21 23 46
 8 11 34 52 68
 8 12 27 30 61
 8 13 40 50 66
 8 16 35 39 48
 8 18 37 52 59
 8 23 31 38 47
 8 29 31 55 58
 8 38 50 55 68
 8 40 51 61 70
 9 10 18 19 45
 9 11 19 20 54
 9 12 13 22 55
 9 13 26 53 67
 9 15 25 58 63
 9 16 25 49 52
 9 16 45 55 64
 9 16 47 67 70
 9 21 27 29 50
 9 28 31 36 51
 9 36 45 46 53
10 11 12 43 65
10 14 26 43 52
10 21 38 48 59
10 23 33 52 64
10 41 50 57 66
11 12 34 48 56
11 15 30 65 69
11 21 24 42 61
11 23 43 53 66
11 26 31 65 69
11 28 30 34 55
11 35 37 49 53
11 36 47 55 66
12 13 28 31 59
12 13 28 43 46
12 15 31 49 68
12 16 17 25 50
12 22 36 37 62
12 23 24 32 51
12 23 27 38 69
12 25 28 57 70
12 32 36 43 50
12 32 41 47 60
12 38 39 52 61
13 19 24 28 56
13 22 33 54 60
13 29 32 34 45
13 29 42 49 63
14 16 23 33 46
14 16 29 30 66
14 18 22 35 51
14 23 53 58 68
14 24 26 47 48
14 28 60 68 70
14 29 37 44 52
14 35 45 57 65
15 17 18 46 57
15 17 24 29 68
15 18 20 30 48
15 19 31 32 40
15 19 38 44 67
15 21 33 39 70
15 23 24 25 59
15 24 29 52 53
15 27 44 47 68
16 18 25 56 62
16 20 40 48 58
16 20 50 51 65
16 22 24 30 58
16 31 33 39 40
16 38 41 43 70
16 46 52 55 56
17 19 34 41 44
17 20 33 38 66
17 24 40 47 49
17 27 31 35 70
17 27 31 55 63
17 30 35 51 60
17 36 50 56 67
17 37 38 40 51
18 20 32 54 66
18 21 34 40 43
18 23 26 68 70
18 32 55 59 64
19 21 26 27 69
19 25 32 33 36
19 27 29 39 43
19 28 37 39 45
19 35 41 46 58
19 40 46 49 60
20 28 40 42 46
20 28 46 51 53
20 33 34 42 51
20 36 51 58 59
20 37 43 45 60
21 24 27 61 66
21 34 57 59 61
22 25 43 59 69
22 26 27 65 67
22 26 30 46 47
22 26 44 45 56
22 27 34 45 61
22 31 34 44 69
22 34 45 60 63
23 25 42 48 50
23 27 30 39 45
23 33 35 65 69
23 41 46 57 60
23 45 58 59 60
24 25 31 38 51
24 35 36 46 70
24 44 49 56 70
25 34 43 46 64
26 27 37 42 58
26 28 33 50 56
26 47 50 51 54
27 29 35 36 38
27 43 49 57 58
27 44 51 60 69
28 31 45 46 55
28 42 44 48 59
28 52 57 58 67
28 54 58 60 66
29 40 43 52 60
30 34 35 36 52
30 42 53 54 64
31 39 42 51 57
32 39 42 48 60
32 53 60 62 67
35 39 40 54 63
38 48 49 51 55
39 44 53 55 57
39 49 51 66 68
41 45 48 56 64
41 45 62 64 69
44 54 56 57 58
45 54 60 64 65
47 64 65 67 68
 1  2  6 28 65
 1  2 30 48 63
 1  5 10 16 60
 1  5 25 41 65
 1  7 20 47 69
 1  9 27 41 68
 1 13 25 26 60
 1 13 39 53 56
 1 14 18 38 41
 1 16 22 40 57
 1 17 43 52 54
 1 18 33 44 62
 1 19 47 50 53
 1 20 25 30 62
 1 20 35 50 67
 1 23 25 31 67
 1 28 32 47 64
 1 29 37 55 68
 1 31 34 41 47
 1 31 46 65 66
 1 39 54 55 70
 1 42 53 66 68
 1 46 51 56 64
 1 49 56 63 66
 1 51 59 62 70
 1 53 60 63 65
 1 54 59 68 69
 2  3 17 31 48
 2  3 20 25 44
 2  6 38 56 57
 3  4 18 49 61
 3  6 31 52 54
 3  7 39 67 69
 5 10 28 30 49
 5 11 22 48 59
 5 14 21 43 54
 6 10 29 54 64
 6 11 20 37 70
 7  8 24 50 54
 7 11 13 25 58
 8 16 32 37 53
 9 18 21 29 69
10 11 26 38 62
12 13 17 58 62
12 13 36 61 63
12 14 23 63 66
12 15 36 37 57
12 16 24 56 68
13 15 31 38 64
13 18 24 29 65
15 18 42 45 52
16 23 29 34 56
16 25 36 47 57
17 18 31 50 53
18 19 31 39 63
18 22 28 35 38
18 27 40 56 67
19 23 30 57 68
21 22 33 57 70
21 26 38 44 49
22 32 34 58 65
23 25 35 45 62
24 28 34 53 64
24 33 39 42 60
24 33 49 55 67
29 32 36 39 44
30 31 34 59 61
30 32 48 66 70
33 34 38 55 63
33 43 45 47 66
34 40 45 50 69
35 38 43 53 69
35 43 44 48 53
36 37 38 46 65
36 40 49 55 62
37 40 47 59 63
39 42 52 59 64
40 41 58 65 69
40 43 51 55 63
41 43 46 58 61
44 48 61 63 68
46 52 57 62 69
47 49 61 67 68
48 49 66 69 70
48 50 51 54 60
48 50 56 58 65
49 53 55 57 64
52 60 61 62 68
60 64 67 69 70
