07 27 31 35 37 44
11 14 38 41 52 53
10 13 27 31 44 46
01 10 32 33 34 41
05 10 17 23 46 49
19 21 25 34 39 52
11 16 18 24 37 42
04 05 08 43 45 51
03 24 29 34 40 46
03 05 18 40 51 52
01 02 13 20 26 27
21 26 29 41 43 46
02 12 15 16 42 45
09 13 16 24 47 49
01 07 17 27 36 48
01 19 21 34 39 43
12 19 24 26 32 46
02 08 30 32 38 46
05 19 27 28 35 45
04 06 10 11 13 50
19 38 39 40 43 50
04 23 35 37 47 48
04 13 14 36 39 40
04 06 19 32 37 39
02 14 24 44 47 51
13 14 26 31 41 44
02 11 17 20 25 52
09 11 15 26 31 47
13 37 41 43 51 52
09 11 19 20 21 42
05 16 25 33 35 51
04 11 24 30 43 49
05 11 14 23 25 49
04 13 14 15 24 47
06 14 27 33 36 48
13 18 27 35 48 50
05 10 11 30 36 44
06 14 18 24 28 46
04 17 26 27 34 37
03 08 25 29 33 45
16 19 23 29 33 53
20 26 33 41 45 51
04 09 15 35 38 40
13 22 24 37 46 53
04 07 21 27 36 48
08 29 31 34 43 51
07 15 19 37 41 53
13 21 23 28 30 48
02 05 38 39 40 53
01 16 17 34 41 53
09 21 24 25 33 45
12 13 28 31 34 38
08 30 41 45 48 51
02 05 31 42 48 52
06 10 17 19 30 40
06 30 34 39 43 44
03 16 37 38 47 48
06 27 33 35 39 52
04 19 24 32 49 52
27 29 40 43 50 51
01 15 22 27 35 52
13 21 25 27 38 44
02 04 22 24 31 48
19 20 22 25 37 52
06 07 17 30 31 50
06 11 28 29 35 37
02 09 23 25 39 45
09 10 24 38 40 47
14 15 23 40 43 53
05 06 17 23 42 52
02 10 12 21 27 32
04 10 34 44 45 47
08 14 17 23 25 40
13 15 32 45 46 48
10 12 24 26 40 49
06 41 43 44 45 52
07 09 14 17 22 26
04 17 28 35 47 49
20 21 35 39 41 48
10 19 31 36 37 50
13 19 30 34 36 44
03 04 32 47 48 49
02 03 12 38 42 46
02 05 09 10 24 41
08 23 24 32 35 39
03 04 05 13 42 48
07 13 23 36 39 42
20 28 34 36 37 42
02 22 23 28 32 39
01 08 10 15 21 44
11 12 17 43 48 49
22 25 27 29 36 53
03 07 18 19 25 30
14 30 37 41 51 53
08 13 23 28 32 40
01 04 27 34 40 53
03 08 26 32 36 48
03 25 29 33 45 49
06 18 24 35 45 53
11 12 17 22 33 53
03 12 18 19 21 23
09 11 12 22 34 46
06 09 11 25 28 41
02 14 27 45 46 47
04 21 24 38 42 50
07 19 26 37 42 50
01 07 10 27 30 48
03 09 14 22 38 52
04 05 21 33 40 47
01 04 09 21 23 53
02 16 36 40 51 53
02 04 11 28 48 49
02 03 19 22 26 40
03 18 35 40 41 46
11 26 28 31 35 37
04 08 12 45 48 50
01 27 28 38 43 51
03 09 18 23 30 43
20 23 26 28 38 48
01 10 28 34 40 42
05 08 17 29 35 50
09 26 28 37 38 43
04 05 16 17 19 40
09 14 15 21 29 31
01 03 15 18 28 36
04 15 22 24 36 38
01 20 28 44 45 53
04 06 21 25 31 32
04 19 22 34 49 50
13 17 38 42 47 49
04 10 17 26 35 53
11 22 43 48 51 52
06 33 35 44 49 52
08 15 18 21 39 50
08 26 36 38 51 53
04 05 11 12 38 40
18 19 24 27 28 46
01 06 07 11 14 44
02 18 22 43 44 50
08 12 31 33 43 53
05 06 10 13 16 41
05 08 23 30 33 49
03 16 21 24 48 51
03 07 09 25 26 53
05 13 19 36 41 47
02 18 22 26 35 49
02 12 19 25 42 48
08 27 33 35 40 50
01 15 22 24 48 52
09 11 18 41 43 52
03 04 15 24 36 48
15 32 34 37 44 53
06 23 25 37 48 52
11 13 23 24 42 53
12 20 24 25 36 37
09 16 23 29 33 37
11 14 20 22 29 39
07 11 31 33 37 43
01 33 35 37 44 46
13 19 24 26 37 42
16 17 19 24 25 39
01 03 06 16 48 49
03 12 19 27 30 45
03 16 17 38 39 52
06 11 27 36 47 52
03 05 08 22 25 50
10 17 23 47 49 52
17 20 23 28 35 50
09 39 41 42 49 52
09 12 13 16 47 52
26 32 33 47 48 52
04 41 47 48 50 53
11 18 23 25 31 43
04 10 28 36 49 52
05 06 08 12 48 53
01 02 03 36 37 39
17 22 44 47 48 49
01 02 04 28 42 47
06 09 11 21 27 41
03 12 18 36 37 42
12 14 22 36 44 49
09 18 19 20 23 39
06 20 21 22 30 37
01 02 04 14 28 30
01 02 04 28 29 49
01 14 17 19 24 33
09 15 20 21 42 43
04 05 24 26 27 46
10 14 17 41 49 51
13 27 33 39 48 52
09 25 27 40 43 52
08 09 27 38 43 50
17 20 25 39 42 48
07 15 18 28 30 32
04 18 19 29 34 38
23 24 32 40 41 42
05 07 23 28 29 30
09 23 27 36 38 50
15 25 31 33 43 45
04 13 25 47 49 50
03 10 24 28 44 50
11 19 20 29 49 50
05 13 16 23 26 32
13 15 22 32 36 45
01 19 23 28 39 51
07 09 10 19 38 51
07 08 23 34 36 50
03 07 19 28 48 49
08 33 34 43 47 48
11 19 31 42 45 52
02 10 16 34 45 50
05 08 16 29 35 53
13 16 30 33 39 50
11 23 28 29 31 51
20 23 28 30 33 41
09 13 15 17 20 36
09 11 26 31 35 38
01 08 12 16 17 31
12 21 34 36 37 44
05 32 35 36 42 49
32 37 41 42 43 47
02 25 26 27 29 32
01 02 04 29 32 48
11 25 28 38 39 43
23 28 34 36 43 46
02 15 16 40 47 49
01 04 41 42 46 51
04 11 14 23 32 52
01 07 10 12 22 47
10 28 37 42 46 52
16 20 23 42 43 52
23 24 31 32 33 44
08 15 23 29 36 39
01 07 10 21 26 39
13 19 24 34 45 46
03 31 32 34 43 50
28 34 40 42 46 50
02 11 20 21 33 47
02 07 09 32 45 46
07 11 13 22 27 43
06 09 15 16 29 38
01 04 11 20 26 38
13 17 26 28 31 49
07 23 28 36 38 50
04 15 22 25 36 41
03 04 06 10 22 47
13 18 39 45 46 47
08 13 21 33 42 49
12 18 21 23 39 42
02 06 24 27 28 42
35 36 37 40 48 53
09 11 17 41 46 51
07 21 24 29 40 51
03 31 33 36 38 46
01 07 11 23 25 42
09 19 36 45 48 51
04 05 15 29 35 43
02 06 21 29 43 52
02 03 22 32 42 49
05 06 08 26 42 52
03 04 08 18 29 35
06 09 13 28 30 32
02 15 17 18 52 53
16 23 26 27 29 35
05 06 17 27 49 53
02 07 09 15 45 50
03 06 15 18 42 49
02 07 11 22 27 30
06 12 14 39 47 51
08 13 14 16 26 40
04 07 09 21 30 32
18 27 29 34 43 47
04 33 43 45 49 53
06 13 28 31 33 53
02 06 16 41 43 48
01 04 10 11 23 43
01 04 15 17 25 33
21 32 34 35 36 45
13 15 34 35 43 52
01 07 10 17 19 32
04 21 32 41 47 49
16 17 35 38 39 49
06 13 26 33 43 52
11 12 22 23 35 46
10 22 33 38 41 48
05 16 33 37 42 45
17 19 27 29 30 47
10 13 33 38 39 44
02 13 32 36 38 41
01 15 18 38 41 44
05 11 13 24 35 52
01 09 14 25 28 45
04 13 15 38 40 52
02 06 16 23 35 37
21 26 31 39 46 48
06 11 37 40 42 48
03 08 18 20 21 32
02 14 30 36 37 47
01 04 26 30 31 35
10 14 39 41 48 50
08 15 16 21 27 36
04 07 19 21 23 38
14 19 23 31 35 52
18 22 23 27 31 33
05 20 26 33 39 41
06 07 16 24 29 40
04 13 17 30 34 49
23 25 26 32 34 50
18 22 31 35 37 47
11 13 14 15 16 46
07 08 22 32 45 47
06 18 26 41 46 48
03 12 15 17 46 48
09 10 15 18 34 40
02 12 21 27 31 38
06 10 20 26 33 34
09 32 33 34 48 49
10 12 14 23 32 48
04 13 25 32 40 44
02 04 15 36 51 53
03 06 11 28 42 53
01 06 13 14 17 48
06 07 21 29 44 53
09 10 25 26 28 31
09 10 15 27 34 43
02 03 06 17 21 44
06 12 20 24 32 37
07 12 13 14 20 26
06 08 13 20 43 46
07 14 33 38 40 47
12 19 24 27 37 41
11 14 25 37 43 50
01 07 18 19 30 47
06 10 13 35 40 49
01 16 18 22 33 38
01 13 34 35 42 52
02 22 26 43 44 47
08 12 28 36 41 51
07 17 24 34 35 50
14 22 25 33 40 46
05 09 26 30 37 45
16 22 24 33 51 53
06 07 09 21 23 40
10 26 28 32 37 44
09 13 20 24 39 40
11 15 26 27 36 46
01 19 31 37 39 42
01 09 17 23 43 49
07 15 18 20 26 33
19 20 21 31 40 52
08 09 11 15 17 22
21 25 34 45 47 48
05 14 19 23 42 50
08 30 39 48 50 52
10 30 38 39 45 53
04 16 25 28 41 44
02 05 07 13 25 37
08 28 29 44 46 47
05 12 20 23 29 36
13 19 20 22 43 47
12 17 27 32 47 53
04 15 20 21 28 49
01 04 08 12 22 50
01 14 28 33 38 45
08 11 22 24 41 48
07 14 34 41 52 53
07 09 10 26 38 40
10 17 24 26 50 53
08 13 28 29 30 47
06 12 17 25 48 49
12 13 19 30 42 46
04 11 12 26 44 53
23 38 40 41 51 52
17 26 33 39 41 51
08 20 28 29 30 43
02 07 21 26 38 48
01 03 23 26 36 47
02 25 34 45 48 53
04 33 34 42 43 46
04 12 40 43 44 50
09 15 19 24 30 40
10 23 34 37 38 39
08 20 26 28 32 51
04 15 16 27 32 49
12 21 22 35 36 38
16 25 40 42 44 53
05 11 27 37 39 42
02 03 23 24 43 48
01 04 08 28 29 44
25 34 43 46 49 50
08 09 37 38 42 45
11 20 27 37 41 49
03 11 13 17 40 48
07 10 29 41 42 46
01 09 16 21 35 52
01 11 16 28 43 46
01 12 24 30 41 50
14 18 25 38 39 53
03 10 23 40 42 46
22 32 36 40 51 52
01 03 05 12 41 46
02 06 08 21 22 45
03 04 15 22 32 36
08 12 23 30 32 44
01 07 19 23 33 48
06 09 11 26 39 49
18 22 35 43 49 51
03 05 09 15 45 48
03 17 20 21 28 42
05 12 20 34 35 48
02 24 25 32 43 46
17 20 23 39 42 51
08 26 27 34 41 51
06 11 18 19 22 34
16 36 40 43 45 53
04 11 18 38 45 48
15 24 27 31 37 44
07 10 12 39 45 48
02 08 27 31 33 44
01 04 12 35 41 47
07 09 18 34 38 44
18 20 27 32 36 53
08 17 24 36 38 39
02 08 20 30 35 39
06 11 14 18 28 31
09 12 16 20 25 39
09 10 43 45 51 52
03 05 14 19 20 48
08 11 24 26 35 45
20 21 23 30 35 48
04 06 15 23 29 37
01 20 21 32 33 36
08 12 20 26 40 47
05 16 29 32 38 46
06 19 22 29 45 52
21 22 36 45 47 53
04 13 14 31 46 51
05 14 16 20 36 44
15 30 33 45 52 53
05 09 26 31 40 53
07 14 26 38 41 47
14 23 37 38 39 52
08 29 35 39 42 46
09 14 27 28 39 53
09 15 24 25 33 39
21 23 32 38 42 46
05 07 30 36 45 53
13 16 19 24 30 38
24 25 30 36 40 50
02 09 16 24 42 44
02 14 18 21 22 38
11 13 25 35 39 53
01 10 12 23 40 52
03 11 21 22 27 29
02 05 07 17 22 49
08 12 24 31 37 41
02 23 29 34 41 47
27 28 35 36 40 45
09 14 15 27 38 47
18 20 31 40 43 44
03 12 13 16 37 46
08 17 19 40 46 50
03 20 34 35 40 44
03 14 20 25 30 47
08 13 23 29 39 52
18 24 30 37 40 48
05 19 22 33 46 49
01 07 08 10 12 38
05 20 32 40 46 53
01 10 12 25 26 53
03 10 16 31 41 46
13 18 37 40 44 51
04 05 09 16 26 51
01 09 17 35 48 51
02 16 18 29 41 48
01 09 23 34 40 41
08 24 34 37 45 53
02 06 08 21 42 45
08 17 24 31 49 50
13 14 15 18 44 52
09 16 23 29 30 31
03 04 06 15 34 46
08 19 26 42 44 53
05 13 24 31 35 47
01 09 15 17 33 40
06 07 18 27 34 47
09 10 18 36 40 44
05 08 12 26 31 49
16 17 19 31 34 44
06 13 34 40 42 49
23 34 37 41 47 51
08 12 37 42 47 53
06 07 20 23 33 38
08 27 33 39 50 51
01 29 31 33 36 46
06 07 13 36 52 53
05 10 12 19 25 42
02 04 09 34 36 39
16 25 26 30 39 52
04 09 12 25 48 53
02 06 39 42 46 53
08 10 19 43 44 50
21 25 35 36 37 43
04 13 16 25 27 41
01 06 08 23 24 43
03 15 22 27 28 47
13 32 37 40 45 51
05 13 25 36 42 48
10 28 35 41 44 47
04 10 18 26 28 31
11 19 23 30 39 43
15 20 24 27 37 45
05 08 21 29 36 53
02 08 13 19 38 40
02 10 20 25 26 48
08 10 11 15 36 52
10 15 30 35 43 45
01 10 12 26 46 50
05 10 24 25 33 40
04 21 23 28 34 53
04 13 20 26 36 50
01 04 14 15 28 34
06 10 28 33 39 53
19 25 28 37 45 51
03 18 23 25 49 50
09 14 17 22 39 50
07 12 23 26 30 47
08 20 26 27 28 41
06 07 14 15 20 43
03 19 21 25 34 50
04 06 11 19 37 53
04 31 34 41 44 52
05 14 18 22 35 48
08 15 31 33 39 45
05 12 13 17 48 52
06 08 09 10 36 39
12 28 30 35 43 47
04 13 17 25 37 45
07 14 23 36 45 47
08 16 40 43 47 53
02 08 15 19 30 48
09 30 44 47 48 52
05 12 18 23 49 53
06 14 25 30 32 46
14 31 37 38 43 53
07 17 22 31 39 50
02 05 14 22 41 50
01 06 18 22 32 33
21 23 26 40 41 47
05 10 12 33 37 44
01 05 06 22 34 46
02 07 22 25 27 40
02 15 28 35 44 50
07 08 24 36 38 44
01 06 19 49 52 53
03 07 14 15 42 50
13 26 37 42 43 48
02 11 16 23 35 50
06 13 19 23 50 52
15 18 27 30 34 47
10 14 17 22 30 31
01 06 26 28 34 41
01 04 07 10 25 53
01 11 20 41 44 48
16 19 21 30 32 43
02 09 10 31 32 36
04 06 13 15 17 24
19 24 26 37 52 53
20 31 37 39 43 50
13 22 31 36 50 53
11 12 19 21 39 42
02 18 44 45 48 49
02 19 36 40 41 43
15 18 35 36 42 53
02 11 26 27 52 53
05 14 23 28 42 48
01 10 12 21 22 33
01 03 16 21 31 45
05 16 18 32 50 51
07 13 21 32 39 42
04 31 34 43 48 51
02 06 13 18 23 46
06 12 14 22 42 46
06 08 23 25 26 28
01 02 13 14 43 51
07 26 35 40 43 53
10 15 33 34 44 49
07 12 18 31 42 46
07 15 25 28 48 51
05 10 16 31 41 43
15 18 26 32 41 50
08 13 21 35 36 47
02 10 27 36 37 53
08 37 38 45 47 51
15 18 34 40 42 53
21 34 41 42 48 49
04 17 42 45 46 48
02 10 18 28 43 52
17 20 28 37 48 53
02 09 12 13 16 37
26 28 29 31 32 51
02 12 20 21 35 37
01 03 18 21 28 43
04 07 16 30 44 49
20 26 31 34 44 51
08 19 24 39 44 52
03 15 28 34 47 52
12 27 30 31 49 52
10 24 26 37 42 44
05 16 30 40 47 52
16 21 25 28 40 47
07 11 22 41 46 53
08 16 30 41 48 50
03 12 15 16 30 35
02 29 35 41 43 50
05 09 13 16 19 45
08 13 21 27 43 50
03 22 28 33 44 52
07 15 16 17 51 52
08 16 19 27 30 53
05 13 28 36 46 47
04 13 24 27 31 38
15 16 17 21 25 46
01 09 12 37 39 47
16 22 26 29 35 42
08 16 18 21 38 41
13 17 20 37 40 42
04 13 23 32 47 53
08 11 27 33 47 49
04 19 31 36 50 53
01 13 20 26 30 43
05 06 14 19 45 50
13 17 30 31 36 51
04 32 41 43 44 46
05 06 18 36 39 48
02 05 08 20 25 31
08 13 15 17 34 42
03 15 19 37 38 45
05 07 08 11 20 46
13 18 45 51 52 53
10 22 23 26 37 39
20 30 32 36 38 43
22 23 38 44 46 48
21 27 31 33 47 48
07 17 26 29 31 43
09 11 16 18 28 44
12 29 32 36 42 48
01 02 13 23 25 40
01 14 20 25 34 37
02 14 16 23 31 42
04 18 25 35 40 48
01 02 03 17 45 46
07 13 19 39 43 44
05 06 17 28 37 50
06 22 25 30 38 53
03 23 30 34 40 49
18 22 34 36 48 53
05 13 20 22 36 39
07 20 27 36 38 49
14 28 35 36 39 46
07 09 17 34 42 49
08 14 28 33 44 48
22 34 40 43 50 53
01 10 19 25 30 43
01 08 13 25 27 52
24 29 40 43 45 52
01 27 31 36 39 42
04 15 29 44 45 47
01 05 06 22 26 32
02 04 13 16 18 44
04 16 25 45 48 53
01 05 11 38 43 46
10 16 18 44 47 48
03 05 10 23 45 50
24 29 33 42 43 50
17 21 24 33 43 50
03 06 19 20 32 33
11 14 24 43 44 50
09 11 12 20 32 45
06 11 12 33 49 51
09 13 19 27 35 42
03 11 29 36 43 53
01 08 11 25 40 52
27 29 32 34 43 48
03 15 16 18 20 24
03 05 16 17 22 35
16 18 20 26 34 52
03 06 09 13 43 49
14 19 28 37 49 51
04 05 06 17 37 38
15 20 23 24 36 52
05 13 23 29 42 53
10 23 31 34 36 41
01 03 13 31 49 51
02 11 14 15 19 25
18 32 36 42 49 53
09 11 13 15 26 27
04 14 16 19 29 31
04 21 32 35 37 52
17 20 21 28 36 51
10 19 22 25 27 50
15 33 35 36 47 48
11 21 41 50 51 53
23 27 35 44 49 50
08 14 19 32 47 49
03 15 16 32 50 53
05 17 19 24 31 36
16 19 21 31 42 51
11 15 24 31 50 52
03 06 14 35 36 52
09 26 27 47 49 52
03 15 30 37 43 44
01 02 05 13 25 35
05 06 37 40 47 49
09 15 25 34 35 49
21 23 28 30 34 40
07 25 30 34 44 53
03 09 18 21 41 45
03 09 11 42 49 53
18 23 33 36 38 44
06 15 16 27 32 49
18 19 20 30 48 52
08 25 28 33 38 47
10 12 28 32 41 46
01 11 13 31 44 49
08 09 10 12 33 34
02 03 16 28 42 49
01 18 22 39 44 51
08 20 21 28 34 42
05 14 19 27 37 39
06 13 25 30 48 49
11 19 26 29 34 35
03 22 28 44 52 53
02 16 18 32 37 52
01 07 08 10 28 34
05 10 13 23 42 52
17 18 19 25 33 47
18 25 30 32 37 49
19 20 21 38 47 50
35 37 39 45 50 51
06 07 08 20 29 51
02 15 22 30 42 51
04 06 14 22 27 29
14 17 36 39 47 49
17 27 32 35 36 41
07 09 22 26 36 42
02 12 14 40 42 51
13 27 29 35 44 51
01 03 21 33 46 52
09 12 18 24 36 41
03 04 12 14 16 50
01 16 19 24 50 51
03 08 09 30 46 52
06 16 18 23 33 34
19 22 31 32 39 52
18 19 23 28 38 47
03 06 19 38 39 47
10 14 17 23 38 43
05 09 17 33 35 46
06 08 12 20 45 49
20 29 30 39 46 49
15 25 31 45 46 48
01 09 23 24 36 40
05 07 10 14 38 53
18 21 25 29 33 47
08 09 10 13 43 53
01 02 21 28 34 41
06 09 19 21 29 53
06 31 41 44 46 47
01 05 08 09 23 25
02 19 20 41 46 49
07 12 21 25 34 50
01 03 27 36 44 50
03 16 29 44 45 51
17 19 30 33 35 45
08 24 26 32 43 51
02 08 15 37 48 49
03 09 12 26 43 44
02 09 17 21 33 35
01 04 08 11 25 27
21 32 40 46 49 52
04 15 17 20 37 44
14 19 26 38 39 51
04 10 11 19 25 44
12 14 24 33 46 51
16 18 33 46 47 51
06 08 10 13 18 40
14 23 28 30 31 39
02 11 20 37 39 46
01 07 10 37 43 47
10 16 20 38 41 50
01 04 11 21 34 35
24 32 36 37 44 46
01 02 14 31 33 40
12 18 24 34 45 53
26 33 36 41 49 51
18 26 34 36 47 49
05 11 23 36 42 49
04 06 07 12 37 52
02 04 18 21 27 40
16 24 35 40 48 53
08 09 17 35 37 46
15 24 25 26 34 37
01 07 12 15 31 48
30 37 44 45 48 51
14 17 28 31 41 42
09 20 24 26 38 51
09 12 19 27 32 52
05 08 16 32 33 37
01 04 25 36 46 52
06 21 26 28 29 50
04 08 14 18 33 34
01 12 27 30 32 38
02 08 17 22 25 33
24 41 42 44 50 53
28 30 42 43 47 49
02 05 07 19 24 28
02 16 18 20 32 46
06 12 28 39 42 43
02 13 14 34 41 46
03 10 23 25 31 50
04 11 14 21 30 31
03 05 11 20 43 45
01 21 37 38 51 52
03 06 09 21 22 27
10 12 37 38 39 49
04 10 12 26 42 48
24 30 31 42 44 50
01 03 26 32 48 52
01 02 22 27 32 44
16 17 23 25 40 43
07 12 25 42 46 50
13 20 25 37 39 46
20 28 33 39 41 46
08 15 16 25 34 51
01 28 31 41 42 46
01 03 09 36 41 46
03 10 25 45 46 47
31 37 43 44 46 48
01 02 06 09 15 21
21 28 32 39 47 48
04 14 21 32 38 42
26 28 29 33 39 40
04 15 24 26 33 42
05 15 18 39 49 53
07 15 27 30 35 52
07 11 12 17 22 28
02 04 28 32 51 53
27 34 35 37 44 53
04 10 23 25 37 52
03 07 10 22 31 44
11 13 15 44 51 52
07 20 29 35 37 52
06 14 29 36 45 50
03 14 20 35 38 50
03 22 23 28 36 53
11 12 22 34 48 51
06 15 19 21 45 47
06 13 16 44 45 49
10 13 28 44 46 53
12 19 21 26 30 36
02 06 07 08 23 32
05 07 33 34 37 49
15 25 41 42 51 52
16 21 24 31 35 48
11 25 32 37 49 53
10 14 16 29 45 46
06 10 13 19 31 50
17 18 19 26 39 49
02 15 32 38 45 48
04 18 28 42 48 49
20 24 36 44 46 51
15 17 18 22 41 43
05 06 11 20 22 40
01 02 04 27 41 47
05 29 30 31 40 43
03 04 27 36 42 49
06 12 23 41 45 49
01 17 28 37 43 51
04 14 20 27 29 41
17 21 28 47 48 53
11 12 14 20 28 35
08 12 24 26 28 39
02 15 17 23 29 37
09 20 22 26 30 37
04 22 29 39 40 47
04 14 16 44 46 48
02 04 05 13 16 50
08 11 22 24 27 41
12 19 22 37 46 50
12 14 19 28 30 44
12 15 23 42 48 53
16 18 28 29 32 51
13 15 27 30 35 42
12 15 22 23 30 41
03 08 27 30 33 39
05 06 10 18 41 50
09 10 15 22 24 51
16 20 23 24 45 50
17 25 36 37 43 50
04 06 09 11 16 51
15 28 42 48 50 52
03 26 31 35 51 52
22 23 31 32 37 52
05 27 40 43 45 51
09 22 24 37 43 50
03 07 18 25 34 44
10 15 18 37 45 46
09 19 26 46 48 49
07 21 30 40 41 48
07 15 16 23 28 51
05 09 17 27 30 51
10 12 25 33 41 52
05 10 17 23 46 51
09 10 25 28 35 41
04 14 28 30 33 53
17 26 28 39 42 44
16 18 27 28 41 53
25 26 31 42 48 52
02 03 12 20 24 47
05 22 25 41 46 53
06 08 25 27 29 52
04 17 19 29 47 50
01 10 15 32 45 52
10 12 20 23 32 48
01 07 36 39 45 50
03 04 20 31 33 53
11 14 21 26 38 48
11 16 21 25 37 50
12 13 15 29 40 51
12 13 16 21 36 40
21 36 37 46 47 48
03 33 43 44 46 53
02 04 15 22 33 41
11 19 24 29 30 35
04 10 12 28 38 42
16 23 37 42 43 50
02 03 10 29 33 40
21 24 27 36 39 53
04 05 12 25 41 48
08 15 32 44 49 51
19 22 23 34 36 50
06 09 17 29 33 46
02 10 20 27 36 44
04 22 23 32 40 52
09 22 34 41 48 52
02 06 18 29 32 38
02 20 24 31 40 53
07 16 27 37 39 44
06 08 12 25 31 36
15 21 30 35 47 49
03 10 33 38 42 44
04 08 10 16 23 40
02 18 20 26 35 46
08 10 18 35 40 46
11 19 40 41 50 53
05 08 12 34 51 52
15 25 26 35 44 50
03 04 10 12 18 21
02 03 08 16 21 37
02 03 11 12 28 52
08 17 20 25 39 52
20 27 32 33 43 47
18 19 24 30 41 45
07 10 30 31 42 44
02 27 30 34 44 47
10 11 19 31 39 42
01 15 38 42 49 52
11 17 18 24 31 44
03 06 10 11 40 52
06 14 21 43 45 46
02 03 18 25 32 49
14 26 40 43 45 49
13 18 26 28 47 52
13 19 29 42 48 53
11 25 27 29 37 40
07 11 25 42 44 46
02 05 20 24 35 40
06 14 21 32 36 45
06 16 18 26 33 50
05 11 12 15 18 40
06 21 34 39 43 50
04 12 37 39 40 41
02 34 35 44 46 52
16 18 26 35 45 48
11 12 26 31 43 45
07 08 12 14 31 53
01 07 26 31 52 53
07 09 34 37 40 44
06 18 22 23 52 53
20 21 28 34 46 47
05 24 25 26 31 46
01 09 10 11 19 27
05 16 24 35 49 52
02 08 18 23 38 49
25 30 33 39 49 51
13 21 22 44 47 51
21 32 41 42 45 46
08 10 12 15 26 37
21 22 25 26 35 48
08 20 40 47 49 53
03 09 14 30 45 52
05 14 29 35 36 49
03 10 22 24 33 47
12 26 31 41 46 47
20 34 37 38 42 44
08 11 13 21 30 39
11 21 29 33 38 50
15 17 18 26 34 52
03 08 26 37 38 51
09 10 23 35 46 52
09 16 22 26 27 38
02 11 13 19 23 38
03 16 20 22 38 40
01 18 21 36 44 51
10 19 21 29 40 49
04 09 12 18 49 52
02 04 12 19 33 46
03 11 13 35 42 52
07 09 11 17 24 52
03 13 20 26 29 50
01 27 31 43 49 53
02 06 19 33 38 40
07 12 16 49 51 52
09 11 26 41 46 49
02 03 10 23 25 32
01 17 22 46 52 53
06 07 08 24 28 49
12 13 22 34 45 46
01 06 13 20 23 29
10 12 13 16 28 30
04 10 37 38 48 53
01 06 10 15 44 50
04 12 30 43 44 47
05 08 10 16 26 36
16 25 29 34 39 52
02 16 24 33 34 48
03 22 23 36 41 46
02 29 34 36 38 43
20 35 46 48 52 53
20 23 37 40 50 52
04 10 12 25 35 40
13 28 30 34 43 48
01 04 11 18 25 50
01 03 09 24 27 48
01 03 13 25 40 48
08 12 15 23 46 53
11 14 17 24 25 52
17 20 22 25 34 38
06 12 19 20 36 46
14 17 24 30 38 49
13 17 19 39 46 52
26 27 44 46 48 49
28 30 32 37 40 45
04 06 20 34 43 51
10 11 13 15 28 42
14 16 22 35 44 51
15 17 36 38 39 44
05 09 14 19 29 39
05 06 13 18 39 48
12 19 21 23 43 52
18 21 37 41 42 49
11 29 35 40 42 52
01 24 33 37 41 43
16 18 19 20 43 46
16 18 27 30 34 41
07 18 25 32 44 46
01 10 15 28 46 52
09 19 25 27 38 47
07 17 28 41 45 52
01 09 29 41 42 47
09 25 29 36 48 49
01 06 27 38 43 51
15 25 26 36 47 50
20 30 33 48 49 51
01 05 29 38 43 50
06 12 15 29 38 46
12 16 24 28 46 49
02 14 16 18 25 27
06 10 24 26 34 44
01 04 14 20 38 49
10 13 26 28 37 49
11 18 19 24 47 53
16 22 30 33 34 38
01 03 08 11 24 30
03 11 16 23 46 53
11 13 17 18 19 53
05 06 14 15 21 33
02 07 12 13 22 51
15 18 24 41 43 50
09 13 17 30 34 37
06 11 23 34 49 51
25 27 33 40 46 47
01 03 25 40 44 45
16 24 28 31 39 45
07 21 23 24 37 43
10 22 26 44 50 51
01 12 16 38 40 52
09 18 25 33 43 48
09 25 32 37 38 49
27 29 37 39 43 53
04 17 29 33 37 48
02 06 19 25 43 45
04 26 27 38 42 50
13 14 22 28 30 43
06 16 31 39 42 45
01 16 22 27 37 45
06 16 22 34 45 46
03 08 20 29 33 35
05 11 37 44 52 53
06 07 14 32 33 44
02 21 24 45 49 51
05 10 21 22 33 42
11 29 32 37 39 50
10 13 18 19 34 38
07 18 35 42 45 47
07 18 19 29 50 53
03 11 24 34 51 53
09 10 12 21 27 30
03 07 28 29 46 47
06 14 17 18 37 50
07 21 23 29 49 50
03 16 18 37 38 44
21 24 36 39 44 50
07 17 19 20 43 49
08 15 19 31 32 53
19 21 27 32 36 39
01 02 05 19 27 32
02 04 05 11 20 34
25 26 29 30 43 52
05 18 22 23 31 36
07 17 26 29 30 45
02 20 28 44 45 48
02 18 35 38 47 51
06 16 28 40 45 51
13 15 18 24 25 44
10 21 45 50 51 52
01 19 23 45 46 48
03 25 37 39 44 49
02 20 25 45 48 50
09 26 29 38 43 51
14 27 32 33 37 38
11 27 28 31 42 53
01 20 28 44 46 49
10 20 22 24 43 53
09 29 37 38 41 47
08 10 20 34 39 43
10 24 29 43 51 52
08 11 14 16 37 48
04 10 13 30 39 40
04 13 19 22 24 50
12 14 18 30 49 53
05 14 21 44 48 51
04 05 16 26 35 37
01 04 27 42 43 46
17 24 26 43 46 53
12 24 27 28 36 40
02 07 32 34 46 50
09 31 33 40 47 48
13 17 23 42 45 53
06 16 19 23 48 51
07 10 12 34 38 50
11 17 19 20 23 51
01 21 29 36 46 51
03 09 32 36 37 52
01 04 28 41 46 51
06 08 34 38 40 47
03 12 21 29 34 48
05 12 20 21 34 50
12 20 25 41 52 53
06 17 28 35 37 44
04 10 14 21 38 49
02 16 42 43 48 53
15 17 32 42 46 47
13 14 34 50 51 53
23 36 37 41 45 52
06 07 17 18 29 45
11 13 16 25 36 39
07 17 20 29 36 37
05 06 11 12 14 40
08 09 12 21 26 48
06 14 20 37 38 44
23 24 26 32 48 51
09 15 34 40 51 52
17 28 31 37 38 44
03 13 15 27 34 51
04 10 12 26 33 42
06 09 13 19 22 50
11 17 22 25 34 43
01 09 19 31 37 42
22 24 28 42 47 51
04 12 20 24 47 51
19 28 34 37 39 53
07 19 22 26 41 51
04 24 43 44 47 51
11 25 27 29 30 45
09 11 13 16 35 53
02 11 19 23 43 51
02 06 10 28 30 37
07 08 20 27 32 37
07 11 13 33 40 52
06 11 14 16 18 46
09 20 24 39 42 46
08 14 23 28 39 49
01 20 21 25 37 40
05 11 32 36 46 48
07 09 12 14 18 43
02 06 26 37 40 43
18 22 27 29 38 51
05 09 13 24 36 42
04 12 17 27 35 43
17 20 21 24 30 49
01 02 08 29 43 52
04 12 21 28 42 46
06 11 30 37 44 46
07 13 21 23 38 40
09 25 35 47 50 53
04 09 17 30 39 40
08 10 11 21 33 47
03 09 14 15 24 41
25 30 34 40 44 51
10 14 22 40 41 50
07 12 35 43 50 53
05 08 13 18 26 46
04 32 36 37 42 49
08 11 17 21 43 45
08 09 15 18 31 44
05 14 36 38 44 48
07 13 32 45 49 53
05 08 10 21 42 47
02 06 21 29 38 46
06 11 36 43 47 53
07 20 27 34 35 38
08 17 22 34 40 50
01 19 25 36 38 39
03 08 19 23 46 49
14 15 23 27 37 39
07 09 12 21 30 46
04 08 12 23 35 50
02 25 35 47 49 53
09 13 18 36 45 53
10 19 33 34 40 49
01 08 10 31 34 41
02 04 14 21 27 34
13 15 27 37 46 47
19 30 35 40 41 49
13 22 24 39 43 51
03 26 31 35 49 52
01 03 10 14 18 51
22 23 31 37 40 52
02 09 11 22 26 46
02 11 21 22 28 39
19 21 40 44 49 53
14 18 34 44 46 53
05 09 14 34 35 48
12 23 26 35 43 52
08 12 26 37 39 46
02 12 27 38 43 50
03 12 22 38 39 40
11 21 23 24 40 43
10 21 23 32 34 52
03 09 15 23 31 32
01 17 27 39 50 51
02 21 27 28 31 48
09 16 31 46 49 50
06 14 15 17 27 34
02 14 30 32 38 40
10 16 25 31 36 52
03 22 25 27 40 44
11 20 24 39 42 51
01 15 24 36 37 43
19 21 23 28 34 39
13 17 22 27 40 47
03 04 14 17 27 43
01 04 08 12 13 39
03 06 22 27 42 52
21 22 29 31 49 50
11 17 22 29 39 49
12 13 15 16 26 36
01 04 09 28 30 47
24 29 31 38 47 53
06 27 30 33 36 52
14 19 37 41 48 52
08 19 21 46 47 51
10 21 30 31 49 52
03 17 29 35 37 41
06 12 18 44 45 52
13 21 24 33 36 43
07 08 33 37 44 50
09 10 14 23 38 42
07 13 19 25 26 27
10 15 34 42 50 52
01 04 30 31 49 52
08 22 37 38 49 50
05 10 14 38 42 53
08 30 37 42 49 53
02 26 30 33 40 50
19 22 23 39 41 43
02 19 24 25 29 34
15 18 24 27 28 48
03 04 18 33 42 44
04 12 13 17 46 47
04 08 09 21 22 49
04 10 14 27 29 40
29 30 39 41 49 50
04 27 45 46 47 52
14 15 19 21 28 38
07 13 20 25 27 47
05 08 30 45 47 51
07 33 35 42 48 49
02 04 06 10 25 51
02 20 32 33 46 50
12 17 18 47 50 52
01 27 30 35 44 53
03 11 16 19 26 44
06 25 27 32 39 48
07 09 14 25 37 48
06 07 18 25 46 49
10 16 18 34 48 50
01 08 16 24 32 48
14 22 28 35 45 50
14 16 17 26 44 52
01 23 32 39 40 47
03 12 13 35 36 47
05 32 47 48 49 52
09 15 17 23 32 47
01 04 06 09 46 53
09 18 27 28 43 48
25 35 43 48 50 51
01 03 06 30 33 43
13 14 33 35 38 46
02 09 17 35 44 51
07 09 14 19 22 53
03 17 31 32 33 53
04 14 29 36 42 53
04 12 14 25 27 35
07 14 37 44 45 46
08 10 15 25 31 50
21 24 26 40 41 48
13 17 19 20 25 45
02 06 07 20 24 44
02 03 22 27 40 49
06 18 19 39 44 46
01 03 14 19 28 48
36 37 38 40 46 52
06 07 12 33 38 50
02 12 13 27 47 53
14 17 21 38 50 53
07 21 36 43 50 53
24 41 43 44 46 49
07 13 15 18 37 47
12 21 26 27 41 47
03 28 30 35 41 44
02 16 21 28 34 50
03 09 30 41 44 48
28 32 33 39 43 44
01 08 14 18 38 43
06 09 18 26 36 52
10 12 19 41 47 51
09 12 16 18 37 53
08 19 24 37 41 53
11 15 19 21 47 49
10 16 27 37 49 52
01 28 31 37 48 49
02 10 25 39 45 51
10 13 22 32 36 51
02 14 18 20 24 45
11 12 20 28 31 52
01 07 15 16 28 33
02 09 12 22 23 25
01 07 12 16 42 44
01 02 06 08 26 27
10 14 24 26 27 41
19 21 37 43 50 51
15 16 19 42 47 53
05 31 36 42 46 51
06 10 14 35 43 50
01 04 07 14 18 27
19 43 44 49 51 52
09 14 18 32 35 50
08 12 30 33 41 49
19 25 33 38 49 50
06 23 32 39 41 51
02 18 20 45 48 52
05 19 27 31 48 52
01 25 28 36 45 48
14 22 28 42 50 52
13 14 20 24 29 50
12 25 31 43 49 51
06 21 25 32 37 44
13 34 45 46 48 49
02 07 16 27 44 49
05 12 15 22 51 52
16 18 21 26 49 51
02 12 25 38 46 47
17 25 27 30 36 43
06 14 19 26 37 46
13 22 32 35 40 41
10 13 20 46 47 50
11 20 21 37 42 47
10 24 27 31 39 51
05 27 28 32 41 43
11 12 24 30 35 46
03 11 18 29 36 37
20 26 33 35 50 53
10 12 15 18 20 40
01 06 14 36 47 52
18 24 31 35 39 51
15 18 22 32 44 49
05 12 15 27 36 37
03 22 26 28 38 51
09 15 20 25 26 48
02 05 14 15 26 34
18 28 40 41 46 47
06 11 23 27 45 46
04 06 29 30 32 42
12 14 23 25 33 39
01 06 31 36 39 50
02 12 26 42 50 53
03 10 12 16 36 43
08 16 24 26 27 29
18 21 24 26 27 31
25 29 36 45 51 52
08 10 23 29 41 47
02 06 14 16 32 43
02 04 07 32 42 44
02 12 16 41 44 47
03 12 35 37 40 46
03 10 30 31 42 47
07 10 30 40 46 53
07 10 12 24 30 50
17 25 31 33 39 43
04 06 09 10 36 48
22 28 30 38 40 43
05 08 10 37 48 52
13 29 32 37 42 53
01 05 11 28 31 41
09 12 13 36 37 53
03 15 33 46 50 52
01 05 16 34 37 50
05 11 14 16 31 43
09 10 22 25 47 51
05 33 41 45 51 53
16 28 36 46 49 53
02 11 17 27 45 51
03 07 24 33 38 47
23 27 30 35 48 50
04 18 39 41 42 47
19 21 29 40 47 49
03 11 20 26 31 40
06 18 23 39 47 53
08 09 28 34 47 51
04 12 31 32 41 42
02 29 44 45 47 48
06 13 33 41 46 49
05 13 15 33 34 48
01 05 07 08 10 28
07 08 18 24 40 43
27 30 41 46 51 53
22 24 25 33 43 49
04 12 21 24 34 50
13 20 24 28 39 42
03 04 26 42 43 51
07 08 15 20 29 51
06 21 26 31 42 45
01 03 12 17 27 39
07 15 16 20 28 50
03 06 11 28 43 53
01 11 23 28 33 53
04 14 16 30 32 49
05 08 10 18 32 44
18 19 32 33 46 53
01 05 10 36 39 46
07 17 32 45 49 53
07 23 33 40 51 53
07 20 29 31 36 37
22 33 35 42 43 53
04 12 23 33 44 53
18 20 31 37 47 53
19 23 24 42 46 48
16 24 30 34 44 53
24 27 38 40 46 52
02 04 11 15 33 44
05 21 38 45 48 52
04 07 29 45 46 48
06 13 33 35 39 44
03 06 11 33 40 49
06 13 19 23 33 42
02 19 20 39 51 53
01 25 30 35 39 46
05 17 26 39 40 52
04 06 35 38 39 50
11 13 21 31 33 48
21 27 30 38 41 46
05 22 28 29 47 52
07 08 14 15 22 23
03 07 21 25 44 51
08 10 15 36 46 51
05 09 11 34 35 36
06 07 16 35 44 53
08 12 18 19 22 41
29 30 33 35 38 46
03 13 28 37 41 46
02 12 21 28 46 49
03 16 22 36 43 53
02 04 06 26 36 50
01 11 12 19 27 49
02 11 18 19 28 30
08 09 10 32 49 51
05 19 22 27 41 53
03 39 40 41 49 51
03 09 15 28 36 48
07 09 35 39 42 45
25 27 28 29 35 51
08 30 34 37 46 51
04 11 14 20 21 30
05 13 41 42 50 51
01 02 07 10 24 34
02 10 11 13 31 39
04 07 08 10 28 38
07 14 18 43 49 52
05 07 13 43 44 48
15 31 33 37 38 42
04 06 11 31 47 50
04 09 24 38 46 51
02 10 41 44 46 52
04 06 17 21 34 40
05 08 14 26 36 51
01 06 21 22 33 43
07 08 22 31 48 52
02 04 05 18 30 47
09 14 25 27 31 34
04 07 19 22 41 50
03 09 22 24 28 44
07 15 17 22 26 34
03 05 11 29 37 43
03 10 25 39 49 52
09 26 31 38 42 52
03 04 05 08 14 49
10 13 38 41 44 49
03 13 18 27 49 51
06 07 10 13 28 53
22 26 34 42 47 52
03 08 10 25 39 49
07 12 16 44 48 53
07 11 19 22 37 41
17 27 29 34 45 52
20 22 29 37 42 47
02 09 13 22 42 43
06 16 18 38 40 49
02 07 11 35 39 53
33 36 38 43 47 49
13 26 31 46 49 53
01 02 03 13 28 41
02 03 14 23 27 48
26 38 40 45 47 48
06 13 17 46 50 51
01 02 30 36 39 53
05 06 07 29 33 48
11 13 21 25 27 42
06 08 26 38 46 48
08 38 39 40 46 53
03 04 12 20 25 31
01 13 26 36 37 38
01 10 13 21 27 34
19 27 28 32 43 52
13 22 32 35 45 50
14 18 31 42 44 51
09 10 17 34 46 49
06 09 14 41 42 46
08 10 11 20 21 23
07 21 28 33 42 48
06 18 36 38 49 52
12 28 34 47 48 53
06 07 12 13 26 29
08 12 24 34 37 47
08 29 32 34 42 45
23 34 38 41 43 52
08 30 35 39 43 45
02 20 23 31 41 45
09 13 26 43 47 52
06 15 16 25 26 52
16 19 29 38 45 46
06 13 17 21 50 51
14 18 20 22 45 47
13 17 33 37 46 50
04 08 28 49 51 52
06 08 25 36 40 53
07 09 15 17 35 47
04 25 27 32 43 47
05 10 40 44 46 50
14 15 32 33 38 45
05 10 11 12 26 37
07 08 18 29 41 47
25 35 40 47 49 50
08 15 36 42 44 47
05 07 27 35 36 41
06 10 13 21 24 32
07 16 32 37 41 46
11 12 21 27 34 40
18 26 30 31 36 37
17 23 34 38 44 48
03 06 18 33 35 48
02 06 09 18 23 30
11 14 16 17 39 49
04 13 26 29 33 35
06 14 20 27 50 52
05 10 28 34 35 50
01 06 10 30 37 39
08 16 32 33 46 48
18 28 32 33 44 47
06 09 14 19 24 47
03 06 12 19 49 50
08 09 28 31 34 47
01 22 24 31 33 37
03 06 20 28 42 51
07 08 15 26 38 39
30 33 34 35 38 49
10 12 19 28 41 42
04 09 23 43 45 53
08 14 20 36 38 41
07 16 17 25 38 50
01 03 04 21 38 40
14 23 36 37 45 51
07 20 23 26 31 36
17 20 26 37 45 51
04 09 14 15 42 52
11 20 24 29 38 46
19 20 24 41 46 47
08 10 24 38 44 52
12 14 22 31 50 53
05 11 22 33 49 51
07 19 23 30 40 42
11 13 19 35 39 51
25 28 36 43 45 53
02 14 15 20 30 41
09 15 18 32 43 47
05 21 23 32 50 52
09 13 25 44 49 50
18 25 29 38 40 48
02 06 19 27 40 49
04 10 17 27 32 37
04 17 35 42 44 46
07 18 21 22 36 41
09 18 31 36 50 52
03 06 07 28 47 50
04 06 13 32 37 51
14 27 37 46 50 51
18 19 28 30 39 42
03 09 23 42 44 48
01 15 24 26 48 53
07 10 15 27 29 39
04 13 21 40 47 49
17 24 33 39 40 49
10 13 20 25 31 49
12 14 25 29 35 41
07 09 27 29 47 48
11 26 30 41 43 51
04 08 09 13 20 24
16 26 29 33 43 50
08 12 24 26 36 50
11 15 23 39 43 47
05 07 11 24 27 47
04 10 25 32 41 48
17 23 25 36 45 52
01 07 11 31 40 49
02 13 17 36 45 52
15 17 28 31 34 41
05 07 15 39 50 53
08 18 26 45 47 49
02 07 09 20 24 44
12 15 23 25 28 33
08 12 14 19 40 50
04 16 17 21 35 46
09 10 14 20 23 37
03 09 21 22 27 30
08 09 15 18 29 41
06 08 17 39 46 51
12 13 16 29 30 48
11 12 18 25 52 53
14 17 24 43 50 52
04 08 18 23 26 51
06 21 26 41 43 52
06 20 36 37 40 46
06 10 36 37 44 48
17 23 45 46 51 53
06 08 17 25 27 43
03 11 15 38 41 53
08 21 23 28 46 48
03 19 30 35 41 46
14 15 17 22 44 50
10 20 22 25 28 52
06 12 21 23 42 46
11 29 31 37 38 50
18 20 28 30 32 35
20 32 35 44 47 48
27 34 39 41 51 53
14 15 25 35 39 43
21 23 34 36 40 48
17 22 28 34 39 43
16 23 24 34 38 40
03 31 32 37 45 52
08 17 25 38 45 51
26 29 33 42 45 48
15 17 21 27 35 43
03 05 06 22 32 36
04 05 32 40 42 52
07 08 12 16 38 40
08 23 25 41 45 51
17 28 37 47 49 50
11 17 20 26 27 47
05 10 16 21 48 50
15 17 19 37 52 53
21 22 24 39 40 53
02 03 04 17 20 30
10 11 12 15 36 51
02 04 08 11 14 24
04 05 20 36 37 44
10 22 32 40 46 47
15 16 18 30 44 45
11 12 31 32 39 45
04 10 14 15 27 42
07 19 24 33 47 49
19 23 34 37 40 42
08 18 21 28 41 47
04 08 09 38 39 43
07 18 36 37 50 51
03 09 13 38 47 48
01 11 27 29 35 42
03 17 43 45 52 53
03 09 17 36 42 46
10 27 36 41 45 51
03 09 19 27 43 48
16 19 20 24 30 47
01 11 14 20 29 37
02 20 21 45 48 53
19 21 23 38 40 53
15 20 34 36 38 41
11 16 31 39 52 53
03 23 27 44 48 53
04 07 12 42 47 51
09 14 15 31 37 42
03 25 28 35 37 45
02 06 14 28 39 43
01 08 19 22 46 50
04 12 27 41 44 51
34 38 39 47 50 53
08 18 21 22 27 49
06 07 16 19 40 52
13 16 39 43 45 48
19 27 43 44 46 50
01 02 06 13 14 34
13 31 32 33 37 45
01 07 19 20 27 29
13 19 21 33 35 39
05 09 19 31 39 53
09 19 22 24 48 51
01 02 07 13 23 41
15 17 19 35 39 43
17 22 40 41 42 43
06 21 24 31 34 53
03 24 25 28 33 46
02 03 11 14 33 51
04 16 21 41 44 45
07 11 12 36 48 53
01 24 26 30 35 39
08 13 20 42 45 53
04 05 09 18 28 41
01 09 21 24 34 43
10 13 17 29 44 51
09 12 19 30 39 43
04 05 10 17 18 21
19 20 23 36 50 51
04 07 19 27 38 48
03 05 34 44 46 53
12 17 18 35 48 53
07 13 15 29 42 43
01 06 14 19 23 45
12 15 17 26 32 40
27 28 31 32 34 37
08 15 22 28 46 48
04 07 17 32 39 45
01 02 06 12 45 53
01 02 21 24 31 51
06 08 13 15 24 26
12 16 36 38 47 50
02 04 26 29 31 40
05 08 11 14 33 36
02 09 29 31 32 34
11 14 22 33 39 48
01 04 27 34 52 53
21 35 36 37 48 50
12 33 37 44 50 51
02 08 09 19 36 41
06 09 17 19 26 33
05 28 30 33 34 43
01 03 09 14 20 33
13 26 30 38 44 50
21 23 28 34 39 44
07 30 35 45 49 51
02 12 16 17 28 33
03 06 09 11 41 42
12 20 21 24 37 48
02 24 27 29 30 32
03 13 24 32 43 51
31 38 40 45 46 53
17 36 39 41 44 53
17 18 23 27 34 46
07 12 29 31 37 39
07 29 31 34 35 45
06 29 38 39 44 49
21 26 33 40 41 53
11 18 27 30 36 46
04 09 27 29 51 53
14 26 29 46 50 53
01 02 19 20 23 47
07 21 23 29 35 39
07 14 25 30 36 40
06 13 15 20 31 37
01 06 16 25 32 36
10 19 28 30 35 43
09 19 22 32 33 38
01 08 11 19 23 43
17 24 35 38 47 48
12 14 33 40 50 53
03 06 18 28 40 43
03 07 09 15 51 53
10 17 25 34 44 47
21 26 28 39 49 52
17 25 37 42 51 52
07 13 14 16 37 53
03 06 10 11 39 41
13 22 24 36 41 42
05 11 18 31 38 43
19 20 27 30 32 49
01 24 25 30 35 40
16 24 28 45 47 49
01 04 19 27 33 51
24 35 42 46 48 53
12 24 35 41 48 52
04 08 22 29 32 51
10 19 32 33 39 40
12 19 22 26 31 44
04 12 17 30 39 41
09 18 32 36 41 49
01 09 13 20 46 47
06 32 35 39 50 51
08 11 12 20 38 52
01 05 13 21 39 52
10 13 15 18 21 25
01 05 24 31 43 45
16 25 30 35 39 41
20 23 28 33 42 51
12 15 16 35 38 45
08 12 13 22 30 40
07 18 28 33 48 53
22 28 29 34 36 49
07 09 18 21 26 53
01 05 12 13 24 45
02 04 09 23 32 51
12 19 21 30 42 50
15 16 17 25 32 46
21 27 45 48 50 52
12 14 22 26 33 45
03 05 12 26 31 53
02 09 19 32 33 35
12 26 27 40 42 50
06 19 26 27 30 51
02 06 23 28 39 47
12 14 15 44 48 51
02 22 40 43 45 50
14 26 37 43 45 52
15 20 24 32 44 53
03 12 26 42 46 50
11 14 35 37 39 47
15 21 34 37 39 48
09 17 33 39 45 48
01 12 16 31 36 38
07 25 30 42 43 47
09 19 27 29 30 51
05 09 11 15 18 21
06 11 14 27 28 35
01 05 23 31 34 49
02 15 25 28 30 49
07 08 09 11 15 31
17 23 27 34 44 51
01 08 18 26 34 38
01 10 21 30 32 46
01 12 17 23 29 31
10 13 27 35 45 51
05 09 14 47 50 52
01 08 21 25 28 41
12 13 15 27 28 48
08 18 19 21 23 34
03 08 14 29 36 52
03 06 14 15 22 49
14 23 26 27 37 53
15 17 19 30 33 35
05 11 15 41 45 50
15 18 20 32 42 48
07 11 22 32 38 42
18 19 34 40 48 49
04 18 23 29 38 51
02 07 14 15 36 48
05 17 26 28 43 44
01 24 30 32 41 46
02 04 09 17 35 48
01 02 12 23 34 50
02 03 26 36 41 44
16 22 27 33 34 42
16 21 32 39 41 49
03 05 16 22 24 30
04 24 28 32 35 47
03 13 27 31 39 48
11 23 26 31 52 53
01 28 29 38 41 46
05 16 24 25 29 41
12 22 25 26 35 47
13 17 18 23 26 43
13 22 23 26 39 42
26 27 30 36 46 50
08 17 33 40 41 42
01 20 27 31 42 51
11 22 31 40 44 48
01 07 17 32 44 53
04 24 32 33 40 43
13 14 21 24 33 53
02 04 08 39 46 50
14 22 23 27 42 43
04 18 33 35 43 52
09 23 25 29 38 47
02 17 18 29 31 32
12 14 24 31 38 46
02 08 14 23 39 53
06 07 17 27 37 52
06 14 36 41 46 52
17 34 40 41 47 52
12 19 21 47 49 50
03 08 11 24 27 38
05 17 38 39 44 47
09 32 34 37 40 44
08 11 24 39 44 46
03 25 27 38 40 43
01 05 17 23 38 48
18 21 23 30 43 53
06 11 17 23 24 34
03 06 20 33 37 45
06 17 18 19 20 32
08 14 16 19 25 27
10 17 19 32 38 44
01 17 29 31 45 47
10 18 21 24 44 46
13 16 17 19 24 39
01 04 09 25 35 36
05 06 17 33 37 53
01 07 18 23 49 52
21 27 34 36 42 49
07 16 22 27 39 46
08 09 29 38 43 48
07 11 15 32 41 44
08 29 39 49 50 52
10 17 23 29 38 45
02 03 04 32 35 51
07 08 28 36 39 44
10 19 23 38 39 51
16 36 45 46 50 52
02 11 16 25 29 44
06 20 27 41 43 48
01 21 22 26 32 49
09 17 26 29 42 50
04 19 22 24 26 28
14 18 26 40 46 52
08 09 30 32 42 48
01 18 22 25 31 33
05 20 25 27 28 46
09 13 23 27 39 46
02 06 19 36 44 45
22 23 27 28 36 39
02 29 31 41 47 50
10 13 24 31 34 41
02 23 38 40 44 52
06 18 22 33 35 38
07 09 23 27 40 50
08 24 35 38 45 49
15 19 22 23 31 42
03 16 26 37 45 51
03 18 27 29 35 46
17 23 28 30 42 51
02 15 32 36 38 39
02 05 24 28 37 51
10 13 31 38 47 49
18 20 30 31 44 47
10 13 26 32 39 48
10 19 21 48 50 53
03 06 16 19 24 53
10 22 27 32 41 42
07 12 13 34 46 49
32 36 38 39 40 42
02 05 08 17 31 38
12 28 30 45 47 51
10 13 31 37 45 49
16 17 40 41 46 47
16 20 24 42 43 46
01 05 18 26 31 53
03 16 25 32 42 52
19 20 23 41 42 48
02 10 11 18 26 45
03 22 23 27 48 53
05 12 15 30 50 51
02 06 15 17 34 49
17 20 25 30 42 46
02 03 19 43 46 52
06 08 10 27 48 52
06 11 12 16 18 43
01 05 16 26 31 32
06 15 18 25 38 41
01 11 16 39 41 50
04 07 25 45 47 50
13 23 28 40 41 52
10 17 19 23 28 37
02 24 42 43 46 50
06 08 22 26 35 45
06 07 19 31 42 43
01 04 23 25 46 51
03 04 16 24 35 52
04 17 24 25 34 36
09 10 14 17 31 34
01 09 12 22 28 48
07 18 20 32 37 45
05 11 36 38 41 53
01 05 07 27 38 49
02 05 07 24 46 51
05 07 18 28 44 53
04 10 19 20 31 53
03 07 10 12 17 29
03 19 28 33 38 52
03 13 29 40 46 52
05 07 19 26 28 52
16 26 36 37 43 46
08 23 30 39 42 45
15 16 27 37 42 44
15 23 25 27 37 38
08 15 17 28 42 53
17 23 26 30 33 52
04 13 14 25 28 42
02 12 20 26 27 39
05 16 17 24 32 44
06 08 20 30 31 34
18 32 33 37 38 48
17 19 22 24 25 34
08 11 33 34 40 48
18 25 27 36 37 49
17 25 27 36 44 47
07 21 22 41 47 48
02 07 23 42 47 49
08 21 26 34 40 53
08 39 42 44 47 51
03 18 23 31 33 44
27 34 35 38 44 47
06 10 20 21 22 28
01 31 35 42 44 49
07 19 29 49 50 51
02 13 18 42 46 50
03 12 14 27 30 48
02 15 28 33 36 47
03 20 34 39 45 46
01 04 20 29 30 37
14 17 25 39 42 52
07 10 28 31 34 51
09 19 22 25 39 42
13 17 26 36 37 42
19 21 39 48 52 53
04 05 24 40 47 51
16 24 25 27 42 43
17 18 20 21 29 34
09 10 17 32 37 39
05 10 21 41 49 50
05 10 11 25 27 52
09 10 18 37 41 45
10 17 25 27 28 40
03 22 31 33 38 41
04 09 13 28 35 53
20 30 34 42 51 53
03 05 06 33 41 48
04 09 10 17 35 51
35 39 41 44 45 48
03 14 20 33 43 51
06 07 16 22 33 41
04 10 11 22 26 38
15 22 25 36 42 48
07 12 16 22 35 36
07 12 29 32 40 47
14 28 33 36 43 49
20 21 25 35 36 51
03 13 14 26 28 52
09 31 32 35 42 44
01 03 07 35 45 46
02 12 22 29 34 52
09 16 25 35 41 51
02 04 31 38 40 48
12 28 33 35 47 48
01 03 10 19 20 45
09 11 25 41 51 53
28 29 30 38 49 51
04 05 14 34 36 44
04 16 19 31 49 50
01 10 20 28 37 51
09 17 22 36 42 51
17 30 32 37 40 44
01 02 03 21 25 34
06 20 31 42 43 52
03 07 21 31 32 40
19 21 22 28 48 53
23 29 30 39 49 53
03 17 21 47 48 50
15 25 28 33 50 52
01 07 13 27 32 45
02 03 14 23 45 52
02 03 23 28 38 50
03 06 16 48 52 53
03 07 24 40 48 52
01 30 32 35 48 50
15 34 35 36 41 44
14 20 29 32 36 48
03 12 15 21 39 44
03 06 12 24 45 53
04 12 25 32 40 44
08 09 12 23 34 53
14 15 33 42 49 52
03 34 37 43 52 53
08 13 17 23 27 51
02 16 19 32 33 36
01 04 13 16 28 50
03 10 15 23 40 52
08 15 19 21 26 30
01 06 19 34 44 50
16 17 29 34 37 40
06 15 18 27 45 53
09 10 11 34 37 49
04 07 18 37 44 50
04 06 11 20 23 44
01 12 22 23 34 44
05 11 21 36 40 48
05 09 20 27 43 47
10 15 19 33 41 47
02 17 32 35 37 49
09 21 22 33 48 53
01 10 12 17 18 41
07 08 17 22 32 40
20 22 33 37 46 52
04 20 22 28 41 51
10 15 18 21 28 49
03 19 29 37 44 49
18 21 25 28 34 52
11 17 18 22 24 45
11 14 19 28 46 53
17 23 34 38 41 48
03 12 13 35 42 43
11 12 13 20 23 29
01 15 16 27 37 47
10 11 12 22 24 46
08 13 17 19 38 44
03 04 08 24 40 42
09 20 29 33 35 48
05 18 19 22 27 42
01 03 15 33 34 52
09 12 27 28 43 44
17 24 28 34 35 51
02 05 29 39 43 51
04 10 19 41 43 45
04 25 28 37 39 53
04 08 13 33 45 47
02 05 08 23 42 45
02 13 21 24 33 35
16 23 25 26 27 31
07 20 25 26 38 51
02 10 22 43 47 48
22 23 28 29 32 37
03 06 16 21 33 44
01 04 09 10 11 39
13 21 22 27 40 53
07 10 19 21 26 51
01 17 26 27 34 36
19 31 36 46 51 52
03 11 19 23 27 41
08 20 28 36 46 47
19 23 24 42 46 52
16 25 30 36 37 46
04 14 17 23 36 47
03 22 29 36 43 51
07 09 15 38 49 50
01 16 32 35 45 51
05 06 22 33 44 50
10 14 24 26 41 52
09 10 16 38 42 52
05 07 19 32 37 39
03 06 24 28 43 52
05 15 33 34 39 44
12 13 18 29 39 47
05 22 31 32 35 44
03 23 29 38 43 50
09 10 13 20 29 45
06 09 29 44 46 50
04 20 29 32 36 37
03 05 20 21 24 37
09 12 26 34 45 50
01 12 18 44 50 51
13 19 24 35 36 41
01 10 29 32 42 44
03 18 25 27 36 48
21 28 31 45 48 49
06 14 15 21 30 34
03 12 25 28 40 51
25 33 40 44 49 51
06 33 34 44 49 51
17 19 38 43 48 51
04 07 08 16 22 41
18 19 26 28 29 42
05 17 20 21 27 39
10 31 36 45 48 53
03 08 11 28 34 48
08 14 18 31 32 42
11 16 21 37 48 51
07 19 29 32 36 52
04 15 21 25 26 40
08 09 13 26 30 45
09 17 21 27 35 41
16 25 37 40 41 46
04 12 16 28 32 33
11 15 18 20 40 46
05 08 33 42 44 45
07 11 18 26 40 53
15 17 18 19 22 24
13 27 31 34 43 48
10 13 16 31 43 49
14 15 17 22 30 42
08 13 23 28 29 36
09 12 15 21 25 53
05 08 11 32 46 51
04 16 17 20 39 52
02 23 24 31 33 45
09 18 20 27 29 34
07 25 27 28 41 52
15 20 29 32 38 51
15 18 23 27 50 53
21 31 39 42 46 53
11 17 28 36 44 53
01 13 15 17 44 46
08 17 19 32 33 42
11 15 22 34 40 44
02 04 10 30 34 46
01 03 22 30 37 48
16 17 31 42 46 50
02 08 13 14 18 31
07 08 12 15 34 48
03 06 20 27 29 38
01 14 23 28 32 35
11 35 41 43 51 52
03 12 16 23 43 47
08 10 24 28 45 47
01 05 21 30 31 35
10 12 17 18 27 51
01 13 23 25 26 27
04 12 23 30 34 53
05 12 24 30 37 46
01 17 23 25 26 37
04 06 09 22 24 39
06 07 09 21 41 42
17 27 30 32 35 53
01 04 21 32 42 46
02 08 12 37 41 50
31 35 36 39 40 52
08 09 20 35 46 48
05 13 20 34 45 46
04 06 07 17 23 32
04 13 17 19 24 42
03 08 16 25 36 45
06 18 22 24 37 41
09 15 20 32 45 49
05 23 24 27 31 48
01 18 28 39 45 46
01 11 13 24 27 34
22 34 35 38 44 51
03 04 26 34 35 40
07 08 32 35 44 49
13 17 18 23 33 50
06 14 35 40 44 46
01 21 29 31 47 53
04 09 18 22 30 42
13 14 18 34 40 51
03 11 13 15 35 52
03 06 31 34 39 50
06 32 34 43 46 51
05 06 09 15 42 48
02 09 11 19 35 45
04 06 19 21 39 43
05 25 30 41 47 53
02 17 18 23 24 35
05 13 21 28 35 51
08 13 23 26 44 50
01 21 22 38 42 48
26 29 31 35 45 53
24 30 36 39 45 49
03 04 08 12 37 49
01 04 15 19 27 42
02 08 12 20 28 32
03 24 29 40 43 47
03 04 15 18 26 38
04 14 31 46 49 53
13 20 24 33 50 51
03 19 21 33 35 51
03 06 37 38 51 53
12 16 21 34 39 41
09 14 24 33 44 48
01 05 08 29 33 53
01 24 25 33 50 52
18 22 27 39 41 46
03 05 06 09 25 48
11 12 18 29 39 41
15 22 30 35 49 51
07 16 29 37 41 51
17 29 31 35 40 47
05 15 31 36 39 44
25 31 37 39 52 53
05 30 34 44 50 53
09 16 29 37 39 48
13 17 24 39 45 49
01 10 14 22 39 43
02 04 17 23 28 43
03 06 13 20 35 37
06 17 35 40 42 51
06 22 30 31 35 49
07 12 24 36 39 40
02 04 06 16 38 51
01 05 17 34 38 50
04 13 18 21 31 36
05 26 30 32 46 49
13 27 32 40 43 53
12 15 19 21 31 52
11 14 25 37 40 46
02 15 23 25 28 46
01 10 11 24 29 44
07 08 31 34 37 47
05 13 18 20 31 53
02 14 16 28 40 41
01 04 10 31 39 42
02 04 16 28 39 53
05 17 21 32 37 50
07 12 16 41 46 50
08 13 21 26 29 41
04 12 35 46 48 50
08 28 37 43 44 52
10 26 27 28 42 51
07 11 19 26 28 42
15 16 17 24 36 42
03 05 07 19 40 53
12 13 15 38 46 51
06 07 16 17 38 40
07 23 38 42 43 47
03 04 13 18 40 44
04 08 24 28 32 49
05 20 31 33 43 52
07 20 41 45 48 52
15 20 43 44 47 52
03 06 10 20 21 37
06 22 24 26 30 40
17 19 28 35 41 48
07 15 27 36 37 38
12 23 31 37 48 49
15 20 24 32 37 52
15 16 32 35 39 40
12 24 37 39 45 51
03 05 07 28 29 48
16 29 32 35 46 50
11 17 26 28 46 47
01 15 22 29 43 48
08 14 29 36 38 47
11 12 24 29 30 47
01 06 17 18 30 43
09 11 30 32 49 53
01 03 04 25 47 52
03 12 23 25 38 53
13 14 20 21 24 28
02 06 10 15 21 45
02 05 14 23 33 40
01 21 25 31 48 49
08 10 22 26 30 37
13 26 27 31 34 44
04 07 14 18 19 50
11 17 22 24 30 47
03 07 33 47 48 50
03 06 09 19 41 50
06 22 24 31 41 43
03 18 25 33 34 49
09 16 21 27 41 42
03 12 18 31 38 52
04 07 22 27 37 43
07 11 15 30 36 40
09 20 28 30 37 38
14 15 23 32 41 46
09 23 25 27 32 51
09 13 15 19 45 50
01 25 26 27 33 38
09 14 19 25 43 46
01 02 08 13 23 33
01 08 10 15 33 39
01 04 07 20 37 40
07 29 47 50 51 53
08 10 26 28 36 48
08 12 22 34 35 46
02 06 10 24 25 30
10 16 30 33 44 50
13 33 37 39 41 45
04 17 28 33 36 44
01 03 20 39 45 53
14 21 26 32 41 52
18 28 33 37 49 53
01 12 13 46 47 50
01 28 31 44 47 49
05 41 43 47 48 50
02 26 30 31 34 44
17 28 34 35 38 47
06 07 24 32 36 51
01 28 33 40 49 52
16 18 28 30 31 34
05 06 08 16 41 47
05 07 09 26 30 34
29 31 36 37 44 47
03 07 16 27 33 36
02 12 16 19 38 53
03 28 32 46 49 52
04 06 19 32 35 39
11 22 42 44 46 49
14 22 35 39 43 47
02 16 31 38 48 51
01 15 24 28 42 43
13 21 24 28 47 50
01 08 12 17 19 50
14 16 28 35 38 48
06 13 14 32 37 39
04 07 24 25 27 31
03 09 11 16 22 25
06 30 31 40 42 49
01 18 22 29 34 41
01 03 18 20 27 46
05 06 11 31 44 48
06 16 25 32 33 50
10 11 16 17 31 46
02 04 21 24 38 43
04 12 13 16 33 41
05 18 21 34 45 48
04 12 18 26 31 40
02 03 13 34 44 45
19 28 33 34 40 49
05 06 14 17 23 26
05 10 14 38 42 46
11 19 22 28 31 36
02 06 09 12 24 35
10 32 37 44 46 53
10 12 19 23 31 53
11 28 34 46 52 53
12 16 17 38 44 49
05 13 14 21 48 53
19 25 34 35 38 51
11 18 26 36 39 41
04 28 30 35 42 48
17 19 34 35 47 49
10 13 20 23 24 29
08 20 22 24 28 41
05 10 19 30 38 45
11 23 32 33 40 53
05 15 19 29 47 52
02 05 14 19 25 40
03 10 21 26 30 53
08 10 11 18 37 48
06 08 29 31 39 40
04 08 11 31 43 52
02 13 17 23 46 50
17 21 34 40 41 44
01 20 29 49 50 53
08 23 24 29 44 46
05 07 46 48 49 52
08 10 12 14 16 25
01 31 37 38 47 52
05 14 18 39 46 52
02 05 12 16 33 37
20 25 33 36 41 47
02 11 21 35 44 46
07 24 31 36 42 52
02 09 18 28 36 38
06 09 13 17 32 51
03 05 08 24 29 52
01 05 22 25 36 51
18 28 31 44 45 52
10 22 28 32 37 42
09 11 16 33 37 47
08 15 16 20 22 46
06 12 32 37 42 47
03 07 16 22 37 41
06 11 17 25 30 42
01 15 16 28 30 50
02 14 34 38 40 43
13 31 38 40 43 48
01 04 22 24 27 48
23 26 29 33 39 47
08 15 28 32 51 52
07 16 18 39 45 49
07 18 22 26 28 34
01 13 16 20 42 51
09 21 36 43 44 52
27 28 31 49 51 52
05 06 11 23 48 53
02 06 15 19 34 47
10 15 20 28 40 49
02 10 20 31 39 41
02 07 23 36 49 53
06 12 17 20 36 38
10 24 30 37 41 49
08 10 15 26 33 34
04 11 24 34 38 48
21 26 30 35 44 53
05 31 34 44 47 50
09 31 35 39 46 48
08 21 23 40 42 51
01 25 26 30 34 51
01 05 16 25 44 45
06 13 15 31 46 52
01 16 22 24 39 51
10 17 21 39 45 51
05 28 40 47 50 51
06 13 14 22 33 36
08 09 14 15 21 48
16 28 30 35 40 48
22 32 34 38 50 51
03 06 13 41 46 48
01 19 22 29 30 50
01 03 29 30 35 53
05 08 14 30 41 52
04 07 14 25 36 37
03 15 19 22 44 47
06 10 21 22 24 34
04 13 17 20 33 34
02 04 09 40 47 50
07 10 16 17 43 51
03 14 30 32 35 41
01 07 09 28 40 47
07 14 23 29 31 37
04 08 24 38 41 48
01 03 24 38 50 51
04 05 26 29 36 42
01 29 32 36 47 51
19 25 30 34 35 39
04 07 21 33 34 43
03 07 09 19 27 53
05 15 19 22 25 52
04 35 42 47 50 53
18 24 26 32 42 45
07 28 41 50 52 53
24 30 34 36 45 46
02 08 10 24 34 41
01 07 08 10 12 37
01 18 20 24 31 40
09 15 19 22 32 46
09 15 22 27 36 41
26 30 36 40 43 51
05 06 07 21 39 42
02 03 04 08 39 52
06 09 27 32 36 50
02 23 26 32 33 38
01 05 17 28 30 36
04 05 24 33 34 44
03 05 09 39 50 51
10 24 33 42 43 45
03 06 15 21 22 32
01 04 05 08 11 25
09 15 28 40 49 51
01 12 26 38 43 52
26 34 41 48 49 53
01 08 10 24 45 53
06 14 23 49 50 51
03 10 12 42 46 49
01 03 08 27 51 53
06 11 12 25 27 47
10 12 24 26 36 41
14 25 30 34 42 48
02 11 30 38 42 43
12 18 33 36 38 47
02 16 18 33 40 45
02 14 19 22 45 50
03 08 17 24 28 53
14 31 37 38 44 53
16 18 25 32 36 48
14 20 25 27 28 33
10 18 20 43 45 49
17 19 21 36 38 49
04 26 38 39 40 47
06 16 23 34 36 52
04 28 35 41 51 52
05 11 12 17 24 51
03 06 15 25 31 44
16 23 28 29 30 47
02 07 08 18 29 36
14 24 31 39 50 51
07 15 20 32 42 44
06 12 13 16 26 41
03 15 16 21 23 46
14 18 28 31 42 45
02 21 28 30 42 51
03 12 13 19 32 37
07 14 15 26 48 49
01 18 19 23 37 50
06 10 22 26 39 43
14 16 33 37 51 52
09 19 20 25 31 45
02 03 15 20 35 44
05 08 22 31 39 52
02 03 13 25 36 45
11 14 21 27 42 53
05 11 23 32 34 41
02 24 28 30 31 51
04 08 09 21 28 49
02 22 26 36 44 49
07 11 21 28 41 42
09 19 22 26 27 47
04 13 14 17 23 27
02 10 11 28 29 36
07 10 13 15 36 38
02 08 15 26 33 51
03 05 25 45 48 49
02 09 15 45 48 49
03 08 11 32 35 36
15 21 22 25 29 50
04 05 09 23 24 42
01 02 13 30 38 52
01 13 22 42 46 52
05 19 25 27 28 32
15 16 24 38 40 48
19 28 33 43 45 52
02 08 31 48 49 50
03 23 26 27 40 50
03 30 35 43 44 51
02 14 19 21 38 50
13 27 30 32 37 45
06 11 28 32 37 41
01 02 26 36 37 53
03 14 19 41 46 52
01 15 18 19 34 40
17 27 37 39 41 45
08 15 18 32 51 52
08 15 19 28 30 36
03 37 49 50 51 52
20 21 25 28 40 43
01 16 22 41 43 48
08 15 17 27 29 35
04 07 18 26 37 52
12 15 30 36 49 50
04 07 09 21 35 41
04 12 13 15 30 39
13 14 22 37 42 44
15 27 37 44 46 51
03 11 12 22 27 50
02 11 17 34 36 38
04 10 11 19 29 33
03 04 05 21 36 38
03 12 19 31 35 37
05 06 08 20 24 25
17 20 21 31 41 47
04 06 12 26 29 51
01 03 12 21 29 45
01 11 16 27 29 45
11 12 22 35 39 49
16 20 25 27 33 34
11 16 21 23 25 39
06 15 23 36 40 52
04 05 15 19 24 36
05 11 13 36 45 49
23 36 39 43 44 49
21 24 28 42 44 53
05 08 12 25 40 49
10 11 21 26 29 50
07 14 20 30 44 51
03 07 16 26 34 41
08 10 28 35 52 53
03 20 22 35 38 41
09 10 16 28 35 41
06 09 11 22 23 30
13 15 19 31 45 49
07 10 32 36 40 45
05 11 27 29 33 40
03 05 15 23 38 51
06 10 16 23 34 39
10 27 31 33 41 46
14 18 24 27 33 38
04 08 20 28 42 50
02 13 14 27 38 45
02 23 41 46 51 52
03 06 11 23 38 51
02 12 17 30 34 42
02 06 21 30 39 48
04 07 08 12 17 53
09 14 26 31 41 50
01 09 20 26 49 53
14 19 23 32 36 47
01 21 31 37 44 48
03 13 20 22 24 51
10 15 19 37 38 46
05 09 21 29 39 49
04 23 29 33 35 46
17 18 24 26 32 39
02 31 35 37 42 48
10 11 15 36 50 53
05 09 17 18 33 36
14 20 22 24 28 43
01 02 08 10 42 44
07 08 23 34 38 39
02 12 15 33 49 52
06 16 20 22 39 53
16 23 27 40 47 48
22 32 38 41 44 47
04 09 15 36 50 52
09 13 22 24 48 51
21 23 25 31 36 49
04 05 10 21 51 53
01 02 03 33 39 48
20 22 24 25 45 51
05 10 16 29 30 40
02 18 27 28 30 53
28 29 37 38 46 53
11 12 18 33 42 44
15 25 35 37 43 48
07 23 35 37 45 51
02 04 17 20 27 45
08 10 20 21 25 37
17 21 31 35 38 42
01 22 29 42 45 48
04 26 38 39 44 49
03 18 20 39 42 46
06 08 11 19 20 38
13 21 22 29 40 41
06 09 10 16 29 40
12 27 29 33 51 52
06 08 11 28 32 33
05 15 36 40 42 46
11 24 27 28 29 44
07 11 29 35 37 38
09 21 22 23 25 52
05 08 14 18 45 47
07 10 13 15 30 32
04 05 16 23 36 46
03 08 19 28 33 39
05 07 22 38 44 50
09 25 29 44 46 50
07 15 21 23 25 47
07 13 23 29 42 48
01 23 28 30 46 49
03 13 26 34 41 42
03 10 22 29 34 36
02 03 06 30 31 36
02 09 11 32 38 40
07 19 22 29 35 44
23 30 32 41 43 49
20 24 28 36 40 45
05 13 18 22 27 49
12 33 41 43 51 53
04 05 07 16 18 23
17 20 24 39 49 52
16 20 23 30 34 37
20 26 31 33 36 42
21 24 28 29 31 43
11 16 18 28 29 51
03 08 11 20 41 46
12 23 37 41 42 46
02 19 29 30 35 42
01 02 07 11 37 44
10 35 38 47 48 49
03 16 24 26 35 50
03 07 30 35 39 48
13 23 31 34 41 47
02 04 18 29 31 41
10 13 29 30 48 50
20 24 25 32 40 41
09 14 16 36 45 46
07 14 26 37 39 49
02 09 34 35 44 51
01 03 13 33 42 51
02 03 04 30 31 32
06 22 27 28 31 48
10 15 16 33 36 40
03 11 31 40 43 51
05 32 36 44 45 51
05 09 27 31 33 47
02 10 38 41 47 53
10 20 22 25 33 49
10 28 35 38 48 53
05 06 13 25 44 51
12 29 30 31 32 49
12 23 44 48 51 52
14 15 30 38 46 48
03 07 10 20 45 53
11 14 29 38 45 46
05 12 21 31 46 50
01 04 21 37 43 50
08 09 23 29 43 49
01 08 14 24 34 38
13 15 37 43 46 49
01 23 29 30 44 52
11 15 23 24 31 48
23 27 30 42 48 51
02 12 36 37 50 53
01 03 07 18 30 33
02 13 15 27 30 34
01 05 14 33 44 53
05 21 23 29 36 37
01 06 14 16 35 36
13 31 32 36 39 42
18 20 22 27 39 46
12 13 39 41 43 44
06 07 24 31 36 46
01 16 19 26 39 43
18 29 34 39 41 44
13 21 31 32 39 53
03 14 19 23 26 52
20 30 32 40 46 49
05 21 26 38 39 45
09 29 41 45 47 53
02 05 13 29 38 40
02 08 13 16 24 52
05 09 22 27 31 39
06 20 28 38 40 43
11 16 30 31 32 34
17 22 23 34 36 39
01 07 36 38 43 49
14 16 22 44 45 52
15 19 20 23 27 40
01 07 19 34 37 46
04 10 16 41 44 52
07 19 26 29 34 39
01 05 18 20 34 35
12 16 26 38 40 48
22 24 27 32 40 48
15 17 20 33 39 51
09 13 14 16 45 46
06 14 27 32 50 51
10 13 14 20 31 34
07 11 34 36 42 51
01 04 18 22 27 45
09 13 18 26 38 42
07 31 34 42 44 48
12 19 38 41 43 48
18 27 31 35 40 51
05 35 41 42 45 48
04 12 23 26 36 52
17 21 25 26 30 51
01 07 33 39 50 53
04 05 14 21 38 40
02 05 09 25 30 52
08 18 29 38 39 41
03 07 26 33 44 47
03 23 27 38 39 50
01 11 23 27 47 52
02 07 18 31 33 48
20 27 31 37 45 51
07 10 16 30 32 44
06 08 42 44 46 51
07 13 30 33 45 49
02 06 17 39 47 53
02 07 28 30 42 53
14 16 26 29 30 37
02 13 18 28 37 38
12 14 27 29 30 44
14 17 29 31 38 41
08 18 21 23 43 48
07 13 24 31 36 51
17 29 31 32 47 53
11 23 31 33 39 43
02 10 32 34 37 51
10 12 38 39 40 43
06 12 13 16 18 34
12 21 25 43 47 52
03 08 11 26 43 45
14 15 28 29 33 51
03 18 23 37 43 51
15 28 34 44 47 53
01 05 08 26 35 52
02 06 22 23 38 42
31 33 34 41 48 49
19 20 21 23 46 47
05 12 33 34 40 52
14 20 24 27 35 46
04 06 07 15 17 31
09 25 37 44 47 51
27 28 30 31 40 51
09 14 16 19 28 37
10 21 23 24 42 44
10 11 13 21 25 48
03 09 12 13 24 30
09 11 19 22 29 36
03 06 35 39 46 49
03 07 17 42 49 52
12 15 20 37 40 46
05 12 35 37 38 42
09 13 14 22 43 49
03 06 08 11 18 23
06 25 33 35 50 51
15 21 24 30 33 50
10 16 24 28 43 45
09 15 18 29 52 53
12 23 42 43 51 52
03 19 23 40 47 51
16 17 22 27 40 41
12 22 26 41 43 51
05 30 34 48 49 51
06 12 27 39 46 50
04 29 30 36 39 50
12 19 23 24 27 35
12 32 38 43 44 49
07 12 13 21 27 45
01 04 05 06 10 15
18 28 33 40 45 53
02 10 11 33 45 48
16 25 38 47 49 53
12 16 36 40 41 46
06 15 30 37 38 47
24 33 35 44 46 52
10 16 21 33 48 51
09 10 13 17 21 53
01 18 19 24 27 48
02 13 27 38 39 47
07 11 19 26 50 51
17 18 20 30 42 50
01 13 20 22 24 50
03 19 26 45 49 51
04 14 26 33 36 48
10 23 27 28 38 40
13 15 16 42 43 53
07 08 11 24 26 36
03 17 22 31 33 45
01 23 33 34 49 53
02 05 09 18 27 38
02 03 27 41 47 51
02 09 10 20 22 48
02 10 13 20 36 43
07 08 13 14 25 41
17 24 30 41 47 48
10 11 17 18 48 52
05 10 40 41 46 47
02 19 22 29 32 37
01 14 19 31 33 38
01 05 11 21 24 49
26 30 34 36 49 52
19 26 30 35 48 51
07 08 17 27 41 48
04 12 13 32 43 44
03 10 16 30 31 42
03 18 35 44 46 48
06 07 12 13 18 38
22 29 32 35 45 53
04 05 20 30 35 38
17 19 20 24 26 38
10 16 19 36 38 41
01 24 25 38 40 52
19 33 36 37 38 48
01 08 15 39 40 50
03 05 07 14 40 50
03 13 17 20 23 24
15 18 20 26 32 53
01 12 14 34 44 50
02 07 14 22 34 42
06 16 25 31 47 48
06 11 26 32 33 42
05 13 21 41 43 49
08 11 28 31 32 48
05 13 22 25 28 50
01 08 11 14 21 38
02 04 06 12 32 45
22 29 36 38 46 53
01 14 32 40 41 48
02 05 09 31 46 49
01 04 13 15 20 50
14 16 36 47 49 52
02 07 20 30 36 37
03 09 20 22 34 35
17 18 28 40 43 46
07 15 16 37 39 51
02 13 22 25 34 36
19 21 23 25 30 49
04 15 25 27 29 34
01 09 14 21 32 37
01 13 19 22 35 39
04 07 10 24 39 44
08 14 19 30 49 50
04 06 09 21 25 28
12 32 35 36 39 49
12 14 22 34 43 47
01 02 19 20 34 51
11 15 32 35 48 49
05 17 21 22 28 41
08 15 21 28 39 44
03 14 22 34 50 53
02 10 14 18 28 35
05 16 20 38 42 45
11 21 24 27 28 48
09 23 28 34 41 49
08 10 19 22 29 43
10 12 14 17 21 22
33 36 43 50 51 52
07 17 18 19 37 38
02 36 40 49 52 53
16 24 25 31 38 52
15 17 38 43 46 47
04 07 18 28 46 50
03 04 14 27 30 39
01 09 23 39 40 50
04 12 16 24 30 51
06 25 27 35 47 51
05 15 16 25 30 38
04 05 12 13 39 45
05 09 17 20 22 49
02 03 06 24 34 36
02 16 19 35 39 47
07 11 12 15 27 51
09 11 14 39 43 52
02 07 23 30 32 46
12 18 19 36 39 52
03 11 14 26 40 47
01 11 18 20 48 52
18 20 23 33 44 46
05 09 13 30 36 47
32 34 40 48 51 53
09 11 23 36 48 51
03 08 16 45 46 52
09 22 28 29 34 44
01 16 22 42 44 49
07 13 29 39 41 43
06 13 14 27 30 43
22 23 30 33 42 52
02 05 15 17 44 53
06 08 11 20 46 53
13 23 24 25 29 46
06 22 33 36 39 43
02 30 42 43 50 51
04 14 25 29 42 53
02 22 31 34 37 46
21 23 29 32 46 51
05 11 15 16 18 19
07 11 28 35 41 47
10 17 19 20 45 52
06 19 23 27 28 31
01 14 23 33 35 44
04 24 36 41 45 50
08 32 33 46 47 51
06 07 15 24 30 39
15 23 29 30 33 37
04 16 21 26 32 40
05 19 22 30 33 38
01 07 12 20 40 41
08 19 23 28 39 48
01 22 23 27 31 45
01 09 12 14 18 28
02 05 13 23 37 45
01 13 14 17 18 39
01 09 16 23 25 43
02 17 35 37 39 41
04 06 13 16 34 44
13 18 27 35 47 52
16 18 31 33 34 49
08 21 29 30 44 47
03 09 13 34 40 53
09 13 16 17 26 53
02 03 13 21 49 53
03 10 30 39 45 51
04 15 22 28 35 47
13 14 22 30 33 46
16 17 19 33 45 52
24 32 39 40 47 53
03 26 35 38 41 49
18 29 33 46 48 51
10 15 25 30 48 50
08 15 37 45 51 53
01 05 14 18 37 51
18 21 38 41 43 51
01 08 26 37 49 53
05 12 13 15 19 47
08 11 16 23 30 33
14 16 33 36 38 45
01 15 24 27 42 50
06 18 20 23 48 50
09 10 13 23 33 34
18 20 23 30 38 44
09 16 18 40 45 53
01 14 20 41 50 52
07 11 38 41 42 46
11 21 26 34 39 42
04 07 09 12 14 52
02 07 14 26 36 45
02 07 15 38 39 49
02 14 20 31 36 47
08 10 31 34 37 40
05 08 09 15 19 46
04 19 34 36 41 45
07 08 21 34 38 52
20 26 33 39 42 52
07 10 22 38 48 49
07 22 29 45 48 50
08 10 13 14 15 19
07 21 29 43 46 51
33 34 36 45 48 52
13 26 27 33 36 50
13 15 34 40 44 47
11 14 21 23 28 40
05 06 09 34 42 47
03 12 19 24 33 46
12 24 42 43 46 50
01 14 17 35 39 40
03 14 17 24 29 53
04 09 14 45 47 53
05 06 07 13 30 45
12 20 27 31 39 43
03 20 22 47 50 51
14 21 34 36 44 47
15 16 23 44 45 52
15 18 26 31 38 43
07 08 31 33 41 53
09 14 21 23 36 39
02 09 16 29 33 44
13 23 28 31 43 45
05 09 21 23 35 41
01 21 22 39 40 51
06 21 30 44 48 49
02 05 09 42 43 47
06 10 11 24 34 45
01 05 22 38 41 49
15 22 24 25 29 48
07 24 28 36 37 53
03 11 32 36 41 47
04 15 19 23 24 31
06 12 14 18 29 34
05 10 14 26 48 50
06 12 27 29 49 50
10 17 36 38 40 49
01 15 31 37 45 50
01 03 09 14 18 22
02 03 14 32 46 53
03 17 24 40 46 48
05 13 49 50 51 52
08 23 37 40 45 49
09 11 13 18 29 30
10 12 36 42 48 50
07 09 21 31 46 51
03 08 15 29 33 50
18 20 25 27 36 40
04 09 16 28 43 44
01 15 27 43 51 53
11 17 28 36 49 50
04 11 33 35 42 48
03 15 25 35 41 52
12 13 17 21 38 41
06 17 18 23 25 44
02 26 32 36 40 42
12 25 31 32 41 51
14 17 28 30 41 43
15 26 28 47 51 53
11 37 45 46 50 53
13 23 24 25 30 36
01 02 09 26 38 45
03 04 28 30 52 53
07 10 23 25 32 47
06 11 27 30 40 41
07 17 20 22 24 48
13 18 22 33 39 53
04 09 31 35 36 50
24 39 44 45 46 48
03 04 07 14 26 50
06 14 17 27 30 33
01 05 23 24 28 36
16 18 26 34 43 51
07 12 15 26 29 34
17 19 27 30 38 52
09 13 28 35 44 46
16 23 36 41 45 53
03 05 22 26 34 47
02 06 17 21 36 43
04 08 25 38 44 52
10 15 23 24 47 52
08 16 23 26 27 39
04 14 17 18 32 43
08 20 25 36 45 49
03 05 08 10 17 28
16 21 30 34 35 40
13 27 32 45 46 50
02 09 12 16 25 29
03 05 07 24 31 37
03 06 29 39 42 53
06 07 15 16 41 45
03 04 27 39 46 49
02 07 14 31 50 52
08 12 22 42 45 48
13 21 27 30 32 53
03 09 14 29 40 47
03 04 09 11 18 23
04 08 09 22 40 50
04 07 13 24 26 27
08 12 16 37 42 52
04 21 29 40 45 48
06 08 21 25 46 50
01 11 35 36 40 48
05 10 12 23 32 51
07 21 25 34 35 47
14 21 23 30 48 53
11 13 19 48 49 53
12 16 18 21 29 48
22 23 27 30 36 40
08 11 32 48 49 52
14 24 28 37 45 53
02 12 35 40 42 46
09 14 18 28 34 52
19 24 28 38 45 46
16 27 31 38 40 46
02 05 06 17 18 38
13 24 25 26 32 47
04 20 22 23 28 50
03 06 29 30 41 47
04 09 27 35 39 48
12 20 23 29 34 43
08 12 27 30 48 53
01 03 10 40 41 43
02 09 12 20 42 51
04 17 22 27 31 52
04 16 24 35 37 38
04 08 15 40 44 50
04 17 18 47 49 51
07 14 28 34 49 50
08 18 22 25 28 37
10 11 17 20 28 30
07 20 26 27 39 41
06 10 15 38 44 45
19 26 41 43 50 52
10 11 12 13 14 46
01 15 23 28 41 44
04 07 14 19 38 42
20 21 26 30 35 45
25 28 32 44 48 53
03 05 17 23 30 50
03 09 11 18 20 36
08 13 33 37 48 50
08 11 12 38 47 50
01 08 10 16 28 48
03 18 19 22 31 37
01 32 33 35 38 52
04 05 17 28 31 39
05 12 29 34 41 42
11 16 20 23 24 35
06 10 24 33 34 35
11 13 18 35 47 52
17 18 19 41 44 46
01 25 39 41 47 51
10 13 25 38 40 41
08 13 23 27 40 49
07 10 29 30 35 37
05 09 10 20 39 43
07 09 18 23 40 46
15 16 17 20 41 50
16 21 27 34 35 47
02 24 26 27 28 35
08 14 22 25 27 51
04 23 26 36 39 45
02 03 09 24 32 51
05 10 13 22 31 38
08 14 16 29 30 35
13 21 22 32 37 53
04 09 28 40 43 47
01 11 18 29 38 51
22 29 37 39 46 51
03 11 14 25 34 40
01 10 20 21 42 48
13 18 31 42 51 52
01 02 03 28 31 33
05 18 23 29 36 40
04 05 17 22 38 44
04 37 44 48 50 51
01 06 16 31 32 47
05 08 15 35 39 42
02 09 15 24 45 50
23 35 37 38 45 51
02 09 17 23 44 47
06 19 31 44 51 52
03 22 28 29 36 37
21 24 34 36 41 50
10 11 20 23 25 33
02 14 30 33 35 43
09 11 12 20 44 53
05 09 13 24 38 39
02 13 22 29 49 52
07 09 11 33 36 46
01 05 15 18 32 53
06 14 33 37 51 53
15 20 31 32 44 45
03 19 25 28 47 50
08 30 31 32 42 53
06 22 24 28 38 50
07 14 24 33 52 53
08 17 20 26 29 41
05 09 24 36 50 51
03 06 19 26 37 38
01 04 12 39 49 52
15 21 41 44 46 47
06 08 14 16 17 37
04 30 41 42 51 52
13 18 24 26 27 41
03 12 30 38 39 43
15 17 21 32 35 45
21 32 35 38 43 48
16 26 29 34 36 41
07 11 19 25 26 31
02 06 11 22 38 40
05 06 16 32 40 45
21 26 32 38 39 53
03 18 34 43 51 53
17 23 26 48 49 50
01 22 30 42 46 48
01 08 27 31 41 44
05 19 26 39 44 51
01 03 07 14 40 43
12 18 32 36 40 51
11 12 42 44 50 53
10 21 23 30 33 42
11 22 37 42 45 49
11 14 19 21 23 34
01 06 22 23 32 43
04 24 31 32 34 38
03 13 20 23 30 53
14 18 25 32 51 53
03 10 21 26 33 48
23 24 26 37 44 46
01 06 12 30 35 42
13 19 23 35 44 53
01 05 15 17 25 34
03 10 19 33 38 44
04 05 10 27 28 52
02 06 10 16 48 53
06 07 13 18 23 47
01 08 18 30 48 51
26 29 45 46 49 52
18 28 33 42 47 52
01 12 18 19 28 41
11 22 24 29 31 37
03 05 06 10 27 33
14 21 32 34 35 45
15 22 25 35 41 45
02 18 24 28 39 45
08 16 30 32 41 52
04 26 27 29 42 51
05 23 35 38 42 53
12 25 42 47 48 49
12 29 31 33 34 37
04 09 19 27 36 37
06 39 40 44 48 51
04 19 26 29 37 46
06 08 18 19 27 34
06 09 15 20 22 34
07 10 11 18 33 37
02 06 25 46 47 49
03 07 23 31 33 51
18 19 32 34 39 45
01 05 20 27 29 42
35 40 42 44 50 52
04 16 24 29 38 51
22 25 28 39 49 50
16 17 19 26 35 43
14 16 17 27 34 53
14 22 32 34 44 50
13 29 32 34 45 52
01 08 16 17 21 48
07 10 15 32 46 47
15 22 26 29 36 39
01 11 38 39 44 45
01 05 18 24 38 53
03 20 32 39 45 48
09 22 29 42 45 47
14 23 42 43 44 49
05 21 27 35 50 53
04 14 27 33 35 39
02 04 06 21 45 49
04 17 23 32 34 53
09 23 30 32 39 52
12 14 21 32 47 51
05 09 14 40 43 53
03 09 10 11 28 29
02 05 34 39 41 44
09 11 18 30 45 50
26 27 29 31 49 50
04 09 12 35 45 51
02 12 32 47 52 53
02 03 06 25 36 40
05 13 16 26 27 52
14 19 29 38 47 48
11 13 29 34 45 51
05 28 38 42 45 50
01 07 16 25 26 44
20 25 32 39 46 48
05 30 37 39 46 52
13 14 15 22 41 46
06 09 35 42 43 53
19 21 26 35 41 42
07 10 11 12 45 49
21 25 30 33 43 46
20 31 41 44 45 48
05 12 20 23 26 43
07 16 25 29 40 50
08 24 33 42 46 50
16 39 42 43 50 53
03 06 07 30 38 42
07 09 20 48 52 53
01 06 34 36 42 49
10 11 13 16 37 53
05 17 25 31 34 41
02 16 17 18 28 47
13 15 28 30 31 43
09 28 34 36 39 44
11 23 33 38 52 53
13 21 29 42 46 48
01 07 16 21 26 43
14 16 22 23 26 48
02 04 17 31 37 49
16 28 30 37 48 52
06 10 18 22 32 51
12 19 31 33 34 41
01 10 17 31 34 48
04 07 15 29 43 49
04 13 18 25 40 53
26 33 34 48 49 50
07 08 12 14 20 33
05 21 23 38 39 50
10 11 14 15 45 47
11 16 42 43 49 50
04 07 09 13 19 44
31 32 35 36 45 52
21 22 30 32 35 45
17 25 38 43 50 53
13 33 40 42 45 47
07 11 22 24 39 52
06 15 20 21 28 40
01 20 31 42 45 46
05 06 20 39 42 50
03 06 12 18 38 50
20 23 27 32 45 47
11 12 13 27 41 50
07 08 31 35 45 51
09 27 28 35 44 51
13 24 30 31 42 45
04 13 15 25 34 39
05 08 31 43 45 47
08 13 19 28 31 33
04 12 16 28 35 47
02 11 22 30 32 52
10 17 19 21 36 40
27 29 36 39 50 51
06 10 16 26 30 47
05 09 22 26 50 53
02 05 14 36 44 51
23 25 31 35 37 41
04 15 20 25 36 48
14 16 44 45 47 48
03 04 14 21 34 35
12 14 19 20 22 31
08 18 30 35 47 50
02 20 22 27 33 42
17 31 36 40 46 50
05 07 15 19 21 38
07 08 12 30 35 46
16 17 30 32 38 46
12 19 30 32 39 53
09 13 34 40 42 53
01 07 11 15 37 48
07 21 27 32 36 42
09 16 21 24 38 41
01 02 11 41 42 51
05 08 09 22 43 52
34 36 38 43 45 46
04 17 23 41 42 50
13 20 22 27 29 38
01 08 26 27 29 40
15 17 27 33 42 49
07 13 29 43 50 52
24 35 37 43 45 53
12 23 41 42 49 51
12 18 25 35 45 46
14 19 42 45 47 52
16 29 34 43 44 50
04 06 11 15 25 29
05 14 18 36 41 44
07 22 23 24 34 50
08 25 26 35 41 51
11 15 31 35 45 48
03 08 16 25 32 47
35 39 45 46 51 53
05 12 14 28 32 44
16 18 27 32 33 41
03 07 21 37 41 49
08 14 16 25 28 47
06 17 20 35 44 45
18 25 40 46 50 53
05 06 34 42 44 48
03 06 32 35 43 45
06 08 15 35 38 49
07 09 18 25 27 42
02 33 36 47 49 53
09 13 29 37 45 48
07 12 21 24 32 52
08 14 24 35 38 46
24 27 34 36 42 49
06 17 20 43 44 47
08 14 24 25 27 32
19 23 31 32 43 47
05 08 31 33 38 51
01 14 15 34 46 51
02 19 40 43 45 52
18 20 29 32 36 44
02 04 09 24 26 32
07 09 16 28 36 48
10 22 23 29 32 51
26 32 35 41 45 53
01 09 19 26 37 42
09 11 16 33 40 41
13 19 26 29 31 51
03 07 09 13 37 38
08 14 22 36 37 40
03 08 15 44 45 50
19 22 23 24 34 49
04 09 21 22 31 45
05 20 28 31 35 38
04 09 23 28 31 43
01 17 20 23 24 47
06 10 26 29 39 47
01 08 11 26 27 32
13 19 25 28 37 53
05 06 09 13 20 50
05 09 10 23 24 53
20 22 23 38 40 44
10 17 28 30 33 48
18 21 35 40 41 52
03 14 22 39 47 52
09 12 24 34 36 39
02 31 33 35 46 51
08 09 15 22 43 48
12 22 32 33 39 49
02 18 23 27 32 51
14 20 21 39 40 43
05 07 32 33 37 41
10 11 17 23 32 46
24 30 36 40 47 48
01 09 15 23 35 49
06 15 16 29 31 33
11 19 23 33 37 40
05 15 22 28 39 53
15 28 30 31 33 49
10 12 16 29 46 48
02 22 34 49 51 53
03 11 17 18 29 35
07 14 16 20 29 46
16 18 19 40 42 49
01 05 11 19 22 43
21 24 39 40 44 47
04 11 13 26 41 53
11 26 33 41 49 50
03 08 13 17 36 42
02 03 10 17 27 31
12 24 25 29 51 53
02 06 13 20 32 44
02 17 22 26 46 48
02 05 16 32 40 50
05 06 11 24 25 43
09 20 26 28 33 46
02 10 12 14 17 18
07 08 19 24 45 51
04 07 12 16 36 42
01 17 30 32 42 46
14 17 24 36 48 51
05 12 22 28 44 45
04 07 30 31 36 38
18 19 21 22 24 27
02 03 05 06 07 18
26 33 37 44 48 49
07 22 24 29 36 50
05 10 25 34 49 53
01 06 10 18 34 46
20 25 43 44 48 53
03 20 22 30 39 40
02 03 14 29 31 40
11 12 22 28 37 47
20 21 34 39 43 49
03 07 10 39 47 48
07 11 23 30 48 49
09 11 19 26 32 33
03 10 27 37 41 51
08 21 40 41 45 53
16 17 18 19 25 29
17 20 21 23 38 48
03 12 18 32 38 51
17 29 32 36 41 47
05 06 14 24 34 52
07 24 30 47 51 52
17 28 30 45 48 50
04 17 20 46 51 53
03 05 10 13 15 23
07 14 35 41 49 53
06 08 09 14 19 31
01 02 14 28 39 44
03 08 14 18 46 47
01 06 10 13 35 39
12 24 29 33 44 48
09 18 28 42 50 52
09 38 39 41 45 50
10 13 28 40 42 48
04 08 19 21 26 50
03 05 14 32 49 50
01 08 14 33 42 46
16 22 23 27 49 51
04 09 16 17 24 37
11 13 21 30 40 50
01 06 12 15 42 43
20 23 25 32 51 52
06 09 19 27 30 44
08 18 27 29 39 40
20 40 43 46 51 52
04 12 24 28 29 38
04 07 10 14 29 44
19 31 35 36 43 51
05 13 19 31 38 39
09 21 38 49 50 51
05 11 20 21 25 40
11 17 20 38 43 49
15 20 31 35 49 51
09 26 29 38 40 52
13 33 35 42 46 47
01 09 12 18 31 52
12 13 16 22 34 37
02 10 27 37 41 49
14 16 24 26 34 43
15 18 24 33 44 46
03 14 22 29 44 48
08 09 19 26 34 38
09 25 29 33 43 51
15 17 24 41 48 51
03 04 10 12 19 30
24 30 37 39 47 52
11 30 33 34 40 45
01 13 17 22 33 53
04 07 11 12 15 40
18 28 32 33 36 51
01 08 17 27 30 46
21 34 35 38 39 40
04 26 29 33 39 52
19 20 24 28 30 42
11 13 26 32 42 49
26 36 42 43 50 51
05 11 31 40 41 53
10 23 28 31 35 50
08 11 22 32 33 53
05 08 27 32 41 47
02 05 11 18 32 41
01 11 17 18 47 48
03 05 08 30 42 48
08 11 24 26 33 51
06 11 16 29 34 53
05 12 32 38 44 46
04 12 16 30 32 51
01 23 30 31 39 41
12 14 24 30 42 48
02 03 19 26 39 42
19 23 26 30 32 48
02 07 19 23 38 43
11 23 34 50 51 52
01 24 25 36 42 53
02 06 20 24 33 47
04 20 22 27 31 46
08 10 13 16 33 49
27 32 34 35 44 47
06 10 16 40 48 51
07 23 24 32 33 44
10 14 24 33 36 47
05 16 30 39 40 42
16 18 20 33 41 47
02 04 11 17 33 41
01 09 11 16 34 42
07 09 23 26 31 41
07 09 13 20 26 32
02 09 10 20 33 52
01 03 23 29 39 44
02 05 13 29 34 45
06 26 34 42 45 51
06 28 31 34 42 45
12 35 44 46 50 53
03 26 33 43 46 51
13 24 29 39 40 46
03 07 08 27 31 40
03 07 21 31 44 52
06 16 17 28 31 38
05 09 12 15 26 49
14 21 33 37 41 51
08 11 18 34 37 52
18 32 38 44 46 47
09 12 17 30 46 49
07 11 19 26 39 46
05 19 21 42 50 52
05 13 19 25 36 52
20 23 31 33 45 49
04 16 21 26 50 53
21 22 37 42 46 51
01 25 35 37 43 53
02 03 20 33 39 44
07 10 17 20 22 37
01 10 13 43 46 53
11 17 19 25 35 37
01 25 32 40 45 47
01 10 25 49 50 52
02 22 31 36 46 48
18 21 24 32 42 49
07 08 12 13 25 30
05 36 41 43 44 52
07 10 20 21 25 35
09 16 20 21 30 46
05 23 24 39 41 50
02 14 20 25 41 51
15 27 39 40 51 52
10 15 29 44 49 53
02 08 13 15 47 51
20 29 37 40 46 53
05 08 12 21 32 34
19 20 22 33 43 46
06 21 22 33 45 48
07 25 38 45 46 53
04 06 17 41 43 51
02 03 17 20 34 42
12 20 23 24 30 31
05 25 40 41 49 52
16 19 23 29 32 41
03 05 15 22 27 34
09 21 37 39 40 45
01 08 09 10 40 46
04 08 19 26 40 46
09 38 42 46 47 51
18 23 35 39 41 46
04 25 39 41 51 52
10 13 15 25 31 40
08 32 39 41 43 48
16 22 31 37 45 53
06 12 30 38 40 50
02 04 08 13 42 43
03 20 21 35 41 44
11 22 30 35 44 53
15 30 31 39 46 51
02 18 19 30 42 45
09 19 22 25 32 35
30 31 37 42 43 50
05 22 26 29 33 45
05 19 20 32 33 44
06 24 32 40 51 53
12 26 35 46 49 51
02 16 21 23 27 46
03 07 11 12 16 30
15 19 32 34 43 53
14 20 31 38 41 53
01 15 23 43 45 49
06 08 25 32 40 52
10 21 23 29 35 40
11 21 22 23 39 40
08 14 24 29 33 41
04 06 12 18 31 33
07 08 20 39 40 47
04 08 12 23 29 50
01 08 17 34 47 49
16 33 38 43 45 47
22 37 38 42 46 50
05 06 09 32 44 46
02 09 15 25 35 36
06 07 10 21 22 45
18 20 29 33 36 51
04 24 25 31 41 53
11 32 43 45 46 47
06 14 15 38 46 49
05 13 27 31 37 48
02 09 17 18 28 50
08 11 19 42 45 48
02 17 19 26 29 38
06 09 30 33 35 45
05 06 19 26 34 50
10 21 23 31 32 45
03 09 13 44 48 50
12 15 23 26 28 29
02 08 12 18 43 49
07 13 26 37 38 47
06 13 18 26 44 52
04 23 30 38 39 45
04 15 17 24 26 45
23 26 28 34 35 40
13 14 15 20 34 41
03 07 12 19 30 51
03 10 33 35 44 49
03 13 15 39 41 48
01 08 11 17 18 30
02 06 07 16 26 43
02 24 31 36 49 53
06 07 08 10 13 42
04 14 30 43 48 51
03 08 11 25 29 35
22 26 31 32 38 51
06 07 16 31 35 43
03 26 29 32 39 49
18 23 24 44 49 52
08 14 20 36 44 53
09 10 12 15 32 38
19 32 36 41 47 51
01 06 15 45 47 51
25 33 35 37 42 48
03 12 14 17 25 46
09 12 27 41 42 45
02 04 16 22 31 51
01 06 15 18 21 23
03 05 25 32 38 42
03 05 15 20 22 35
02 07 13 16 35 37
21 22 42 44 51 53
03 19 30 31 35 52
01 02 15 24 29 31
07 29 37 39 45 52
08 12 13 17 19 37
09 10 30 35 36 52
01 18 26 37 42 43
12 20 31 37 40 43
01 14 17 34 40 45
06 26 34 38 41 53
13 17 24 30 41 42
04 09 16 35 43 46
05 30 35 38 50 52
13 18 22 32 40 42
07 31 32 34 38 48
02 10 26 32 36 50
16 19 24 27 42 43
04 06 08 12 40 42
08 18 21 28 31 42
13 16 23 26 47 50
03 10 16 22 23 53
07 14 21 23 30 47
08 14 25 37 44 45
11 13 17 29 48 50
22 23 27 34 42 45
01 05 09 19 45 53
04 06 31 36 48 52
16 24 25 26 28 52
24 26 30 36 41 47
16 20 27 31 32 33
10 21 22 38 42 45
38 46 47 49 52 53
03 18 28 32 37 39
07 20 22 39 41 45
10 13 15 27 46 47
02 13 28 37 42 48
14 20 24 30 32 40
01 19 23 41 45 46
12 15 22 37 40 50
01 14 26 34 46 50
27 34 39 40 42 47
03 06 07 15 50 53
04 05 08 27 50 53
15 17 19 24 27 37
01 06 20 23 32 40
10 24 32 44 50 52
09 11 14 23 47 51
08 14 28 41 45 47
13 20 30 45 48 50
06 22 31 32 37 46
17 33 35 39 41 45
05 09 10 40 43 50
10 12 22 23 25 35
08 10 21 24 27 36
02 04 16 18 34 36
02 13 19 31 40 50
05 08 11 30 32 47
07 24 25 45 48 50
08 21 29 42 45 49
08 20 29 37 43 49
11 16 18 36 41 49
01 15 19 24 39 51
06 08 19 30 31 48
27 30 33 39 46 47
24 25 26 33 38 49
09 10 12 20 24 41
13 17 28 29 32 47
09 13 17 22 31 38
05 16 22 37 39 52
08 24 25 42 45 52
14 17 18 20 26 37
04 07 32 41 45 50
04 05 11 34 37 46
04 16 27 29 44 45
15 24 25 35 48 52
20 31 33 34 50 52
03 08 16 27 32 50
24 29 32 43 49 53
07 10 18 23 37 46
29 31 35 40 42 48
05 21 24 27 37 46
03 18 20 33 49 51
03 09 24 30 31 50
27 28 32 39 40 50
05 14 19 27 44 47
02 04 20 40 47 48
11 19 32 37 44 48
11 25 29 31 32 46
05 10 18 25 27 32
10 25 27 41 48 50
16 20 26 31 39 48
16 21 22 45 48 52
08 11 28 40 41 45
11 16 24 34 47 49
20 27 32 34 35 49
15 18 21 28 43 50
08 12 16 17 22 45
05 15 19 35 37 50
01 16 22 28 45 47
02 07 17 21 40 46
10 14 15 24 29 43
05 09 13 33 37 41
01 13 28 32 37 38
09 19 26 27 28 45
10 17 25 29 31 51
04 06 11 21 32 42
07 16 18 29 46 47
01 02 13 16 19 37
02 04 26 32 44 45
19 21 26 29 37 53
02 32 41 46 47 50
05 29 37 41 42 52
07 25 32 33 36 40
04 07 09 18 28 51
01 05 13 16 28 42
10 15 17 33 37 38
01 07 17 26 46 51
12 35 38 40 45 47
26 28 30 39 44 53
10 18 19 21 41 43
06 27 33 34 46 53
02 07 15 20 38 51
02 06 27 35 47 50
05 07 10 12 28 43
06 10 12 15 19 40
12 13 14 28 35 42
09 17 36 42 43 48
02 18 24 27 37 44
13 18 21 29 31 52
19 20 22 44 49 50
16 20 33 35 40 41
16 20 22 29 36 50
23 28 29 39 44 45
08 09 24 29 35 51
08 09 15 28 36 37
05 11 17 28 36 49
15 18 20 26 41 49
12 16 21 27 30 35
02 24 28 30 36 42
02 05 09 21 29 38
06 09 21 35 36 49
05 20 22 24 32 50
01 08 20 24 38 41
01 04 05 12 37 40
02 11 20 30 42 49
07 09 30 35 43 45
03 14 16 37 38 39
02 33 36 45 46 50
12 17 19 29 34 51
11 14 27 35 49 51
13 14 26 30 31 42
04 05 10 44 49 50
08 20 25 26 29 30
09 15 19 20 35 42
27 34 38 49 52 53
01 04 10 35 36 42
05 26 27 32 42 51
11 12 27 45 49 50
09 33 48 49 50 53
01 02 09 30 42 44
08 27 30 34 36 45
01 05 09 16 19 47
13 23 35 36 43 44
14 23 26 27 35 40
07 15 17 23 34 50
03 07 12 17 26 51
06 22 23 34 37 40
18 19 20 25 40 41
08 18 31 39 48 49
03 04 27 36 43 46
05 08 13 17 35 41
04 09 15 33 43 48
10 11 24 38 45 48
01 04 22 31 37 53
04 06 07 08 30 52
11 22 24 28 32 46
03 23 29 31 35 37
05 23 30 43 46 47
03 04 12 18 24 35
06 17 19 22 34 39
11 23 31 34 37 46
13 16 19 25 43 53
04 07 14 24 41 49
08 22 25 26 30 45
03 29 32 33 34 43
04 09 18 26 28 45
24 34 39 42 48 49
02 10 12 18 28 50
02 10 14 19 28 44
07 13 24 25 33 39
04 08 27 28 42 51
12 15 24 25 40 48
07 17 33 42 45 50
14 19 31 33 48 49
13 14 24 25 26 47
02 26 27 39 49 50
15 16 24 27 34 50
07 14 32 39 43 52
09 39 44 45 50 51
04 25 41 43 47 48
04 08 11 36 46 49
18 19 24 26 35 41
01 08 14 35 36 43
03 06 14 21 25 31
11 24 29 38 42 48
20 37 41 42 43 44
02 03 20 28 38 52
07 17 21 35 42 52
08 19 20 35 39 49
23 31 45 49 51 53
04 08 23 27 31 41
15 26 36 40 41 43
08 18 23 27 43 45
02 15 29 37 47 53
18 26 35 36 40 49
10 19 24 33 36 46
24 33 35 38 41 44
01 27 32 37 44 52
25 26 32 37 41 48
16 19 22 35 40 53
05 23 39 44 51 53
01 08 14 24 33 47
07 22 24 31 35 44
09 23 25 39 40 49
04 18 20 24 45 53
03 16 37 40 47 53
19 28 30 37 40 48
04 08 28 33 38 45
10 13 18 30 36 41
02 12 20 29 35 45
06 21 34 46 51 53
12 21 22 27 33 45
15 17 25 36 42 45
14 16 17 21 38 45
03 12 14 25 37 47
05 17 28 38 44 45
04 17 33 40 50 52
02 04 15 31 43 44
04 07 10 15 36 52
08 25 33 34 51 53
02 08 09 14 24 32
02 22 39 43 46 48
01 07 10 26 40 44
03 15 16 35 40 46
02 09 11 43 44 47
18 22 25 26 27 39
15 28 30 40 42 45
03 09 32 42 44 51
22 24 36 37 41 48
16 18 22 39 43 46
02 05 19 29 44 45
10 21 23 32 35 44
05 10 15 18 19 42
01 02 10 18 24 36
02 07 10 16 30 33
08 18 25 27 32 53
16 17 29 45 49 51
14 23 34 36 39 51
07 10 13 16 17 25
05 10 18 19 32 53
01 10 11 31 35 49
04 06 29 30 34 49
07 29 47 48 50 52
15 21 28 32 33 51
16 22 32 36 39 41
06 24 35 41 46 51
06 24 29 47 48 49
08 09 15 24 31 46
10 18 25 29 41 52
18 20 24 26 30 34
04 08 09 16 23 34
11 12 28 36 43 45
04 19 25 30 41 46
20 31 32 35 43 46
04 18 24 29 30 33
06 13 28 29 36 40
01 05 09 17 25 32
26 27 34 43 52 53
03 13 26 38 51 53
06 09 13 33 37 44
34 42 43 51 52 53
05 14 23 24 30 45
02 09 15 42 48 53
10 11 14 35 39 45
03 17 24 26 42 49
04 09 21 27 44 47
23 27 31 38 44 50
05 09 29 33 42 45
10 13 17 34 39 42
05 11 17 24 25 39
08 16 20 29 31 49
02 14 25 28 30 49
13 20 26 28 30 52
03 08 17 24 39 40
14 19 22 31 39 47
03 08 09 15 34 45
04 05 12 32 36 50
04 19 32 36 42 45
02 05 06 35 38 41
01 11 16 20 38 45
09 38 39 42 51 53
08 22 35 39 44 46
13 14 18 23 26 30
01 28 40 41 48 50
10 46 47 48 50 51
10 15 17 24 35 49
11 18 21 26 35 52
13 17 25 30 31 44
10 20 32 33 36 43
18 22 23 37 42 47
12 37 45 46 48 52
17 21 32 36 48 53
16 18 24 29 40 44
32 33 42 45 50 51
20 21 31 38 39 45
01 10 14 20 42 48
05 08 30 33 35 52
03 04 29 32 42 45
07 08 13 30 34 44
03 10 17 19 25 49
05 06 08 18 20 51
16 17 32 38 43 52
02 06 08 16 35 44
01 09 16 29 32 51
08 16 18 29 39 49
04 15 18 24 36 43
30 32 33 34 48 52
09 12 18 20 37 40
01 43 44 47 50 51
26 29 36 38 44 45
10 18 29 37 38 39
03 05 19 33 36 40
08 21 25 33 45 48
04 05 23 44 49 52
03 04 05 16 34 38
03 18 19 47 48 51
03 04 13 35 36 41
01 05 25 29 35 48
16 23 38 39 44 48
08 33 38 43 47 52
29 32 38 39 48 50
01 12 30 37 45 47
21 24 26 28 40 44
14 16 21 28 37 48
19 27 32 38 40 50
21 24 28 31 47 51
03 21 26 27 32 51
05 19 37 38 47 49
06 19 21 25 34 49
06 07 17 40 42 53
